13.0
33.0081577
-100.1806589
-0.999401
2.63906
3.74715
1.07504
1.26698
0.947828
-1.62404
1.96992
-2.10291
3.28841
-0.132275
3.17806
-9.21034
2.20056
4.68491
-1.92346
2.11747
1.579
2.6319
-9.21034
2.58022
2.66027
3.3673
3.09558
3.83945
3.26194
4.36183
2.91236
4.11904
2.6027
1.14425
3.26957
3.45947
4.86136
3.32504
0.285254
-0.502362
0.858704
2.3026
2.18269
-0.051188
-1.11139
4.3451
1.84057
2.81541
0.883809
4.78833
2.70137
3.63495
3.02043
3.30322
2.59526
3.19048
1.29749
0.993289
2.12227
3.48738
3.68135
