05.0
28.30888906
-98.5572384
5.01197
4.57161
3.21487
0.819824
-5.77635
5.07016
4.12875
7.67462
7.95823
3.55249
6.88755
4.41037
5.7446
-9.21034
7.22621
1.27539
5.25227
6.04572
4.47506
6.73006
4.76217
4.93807
6.23911
7.69348
7.32909
-4.12894
1.76987
7.45298
1.22674
5.69709
2.92317
3.39115
6.68223
5.43154
6.95845
5.0733
4.44383
-0.630924
-9.21034
4.9075
-9.21034
5.08636
-0.603124
4.63764
4.89635
0.916331
6.92756
4.23556
3.11795
5.79027
2.83908
1.89162
5.00059
-9.21034
5.60433
0.57667
2.74728
7.87131
