09.0
28.30888906
-98.5572384
6.33239
5.14108
5.02191
3.19459
3.20681
3.13114
8.25816
3.7542
6.09221
9.22523
4.78415
4.22537
3.74951
8.7983
5.51986
6.57953
6.48631
5.17162
7.07327
0.451139
5.56758
0.883809
3.8959
6.83055
3.16548
4.38702
-9.21034
4.43201
3.62167
6.23147
3.97594
0.760853
5.01794
5.41343
4.57883
0.751463
0.924299
5.24175
6.19236
3.36385
7.99699
6.97541
1.61345
6.92264
8.87487
5.16593
6.05256
-9.21034
5.04729
6.47064
4.47734
-9.21034
1.85475
-9.21034
0.0677521
1.39131
-9.21034
3.28091
