1982 01 22.7847
1983 01 85.4631
1984 01 6.37741
1985 01 3.33323
1986 01 12.1236
1987 01 90.1168
1988 01 9.39149
1989 01 2.1378
1990 01 1.81068
1991 01 17.9018
1992 01 35.0591
1993 01 3.41375
1994 01 0.481875
1995 01 5.48431
1996 01 3.42503
1997 01 14.7527
1998 01 14.7314
1999 01 6.28686
2000 01 2.14732
2001 01 25.3345
2002 01 55.6054
2003 01 20.6471
2004 01 9.43927
2005 01 14.486
2006 01 1.31029
2007 01 17.6527
2008 01 4.96604
2009 01 21.3635
2010 01 39.1676
2011 01 2.24049
2012 01 0.227375
2013 01 0.600168
2014 01 0.747713
2015 01 0.0200228
2016 01 0.257917
1982 02 47.3664
1983 02 0.0384534
1984 02 0.335837
1985 02 102.409
1986 02 1.23034
1987 02 88.0713
1988 02 13.7976
1989 02 1.01194
1990 02 151.788
1991 02 1.14924
1992 02 818.214
1993 02 60.6584
1994 02 9.22001
1995 02 9.00622
1996 02 -9.0985e-05
1997 02 52.2028
1998 02 4.8501
1999 02 97.362
2000 02 84.737
2001 02 106.827
2002 02 3.563
2003 02 32.832
2004 02 193.351
2005 02 439.971
2006 02 0.055013
2007 02 2.44249
2008 02 5.23384
2009 02 -6.71243e-05
2010 02 4.10297
2011 02 0.042522
2012 02 80.5091
2013 02 -3.42287e-05
2014 02 0.0153524
2015 02 10.0503
2016 02 4.54443
1982 03 39.0035
1983 03 0.489531
1984 03 0.215513
1985 03 55.2349
1986 03 1.20007
1987 03 143.702
1988 03 6.78906
1989 03 3.27506
1990 03 172.559
1991 03 92.6064
1992 03 352.431
1993 03 49.7136
1994 03 2.05141
1995 03 77.5996
1996 03 0.0639353
1997 03 579.267
1998 03 7.34692
1999 03 193.818
2000 03 53.6896
2001 03 53.3842
2002 03 3.75167
2003 03 24.1262
2004 03 3128.04
2005 03 44.5219
2006 03 0.359216
2007 03 25.5176
2008 03 7.85541
2009 03 0.0134138
2010 03 108.253
2011 03 0.137317
2012 03 103.023
2013 03 0.0138938
2014 03 0.0976683
2015 03 18366.5
2016 03 24173
1982 04 161.324
1983 04 2.75698
1984 04 9.47806
1985 04 3161.03
1986 04 7.48956
1987 04 343.489
1988 04 16.0193
1989 04 5.42222
1990 04 76.1437
1991 04 80.1428
1992 04 1672.54
1993 04 1108.48
1994 04 67.139
1995 04 3.06415
1996 04 0.00704568
1997 04 108.254
1998 04 4.83588
1999 04 30.664
2000 04 0.824848
2001 04 51.0893
2002 04 22.1623
2003 04 38.0559
2004 04 80.3984
2005 04 85.489
2006 04 1.90646
2007 04 97.6435
2008 04 2.83058
2009 04 5.36436
2010 04 66.3058
2011 04 -6.72838e-07
2012 04 11.1271
2013 04 11.8418
2014 04 103.523
2015 04 6563.3
2016 04 105.158
1982 05 17.5389
1983 05 56.2668
1984 05 0.00691295
1985 05 6.02627
1986 05 97.7891
1987 05 7580.97
1988 05 0.897596
1989 05 0.369235
1990 05 48.2154
1991 05 2.19693
1992 05 6.49703
1993 05 35.715
1994 05 10.3012
1995 05 111.736
1996 05 2.27578
1997 05 138.769
1998 05 0.000281525
1999 05 66.6502
2000 05 11.5057
2001 05 0.140217
2002 05 1.41016
2003 05 8.41288
2004 05 50.676
2005 05 867.287
2006 05 42.02
2007 05 4729.06
2008 05 3.49918
2009 05 0.135691
2010 05 235.389
2011 05 0.00233627
2012 05 1.28336
2013 05 90.4351
2014 05 -2.03703e-05
2015 05 2.46115
2016 05 479.823
1982 06 3.79827
1983 06 5.00331
1984 06 0.0957483
1985 06 39.1624
1986 06 2.5726
1987 06 5.50564
1988 06 0.342426
1989 06 0.0233983
1990 06 4.15729
1991 06 1.70044
1992 06 14.4463
1993 06 4.28869
1994 06 0.797675
1995 06 3.49597
1996 06 4.90279
1997 06 12.3945
1998 06 0.0086774
1999 06 3.05797
2000 06 0.0436938
2001 06 12.1491
2002 06 53.3056
2003 06 14.3552
2004 06 7.604
2005 06 2.04956
2006 06 1.50146
2007 06 5.56424
2008 06 0.455034
2009 06 0.00546234
2010 06 2.02649
2011 06 2.32614
2012 06 0.00506547
2013 06 0.806483
2014 06 0.0655201
2015 06 0.000111676
2016 06 5.00588e-05
1982 07 10.75
1983 07 29.4397
1984 07 0.421548
1985 07 18.8484
1986 07 1.01373
1987 07 518.575
1988 07 98.1799
1989 07 37.549
1990 07 399.962
1991 07 55.0724
1992 07 838.71
1993 07 0.536391
1994 07 31.1718
1995 07 0.307133
1996 07 22.1958
1997 07 165.61
1998 07 135.899
1999 07 229.619
2000 07 0.104877
2001 07 15.6351
2002 07 152.494
2003 07 27.0912
2004 07 245.26
2005 07 55.1473
2006 07 0.0201992
2007 07 3513.9
2008 07 44.4674
2009 07 0.373922
2010 07 67.4651
2011 07 0.00348297
2012 07 0.000895007
2013 07 1.50979
2014 07 1.00081
2015 07 1.8939
2016 07 2.24825
1982 08 231.801
1983 08 6.891
1984 08 1.25509
1985 08 70.6581
1986 08 65.6109
1987 08 194.554
1988 08 192.265
1989 08 103.292
1990 08 107.171
1991 08 46.0325
1992 08 29.2979
1993 08 15.1244
1994 08 46.4622
1995 08 129.462
1996 08 160.585
1997 08 24.1578
1998 08 125.575
1999 08 12.9556
2000 08 19.8611
2001 08 35.1806
2002 08 1.80564
2003 08 41.4249
2004 08 10.9807
2005 08 0.811424
2006 08 87.4082
2007 08 47.1711
2008 08 33.9413
2009 08 6.06272
2010 08 234.916
2011 08 327.461
2012 08 200.82
2013 08 548.981
2014 08 403.996
2015 08 18.8707
2016 08 3.779
1982 09 113.973
1983 09 57.2049
1984 09 274.373
1985 09 276.593
1986 09 134.248
1987 09 81.1363
1988 09 12.5747
1989 09 19.6352
1990 09 35.5072
1991 09 79.7085
1992 09 40.381
1993 09 0.383607
1994 09 62.871
1995 09 5.98901
1996 09 60.2354
1997 09 31.2317
1998 09 151.323
1999 09 16.8919
2000 09 4.0508
2001 09 -8.66131e-05
2002 09 420.878
2003 09 305.23
2004 09 29.0651
2005 09 38.1204
2006 09 70.5938
2007 09 155.135
2008 09 2.45031
2009 09 7.52408
2010 09 16.3042
2011 09 5.73265
2012 09 25.1124
2013 09 85.628
2014 09 1.64435
2015 09 3.24417
2016 09 0.464418
1982 10 9.86016
1983 10 2.30952
1984 10 6.99814
1985 10 73.8753
1986 10 25.3947
1987 10 41.4698
1988 10 3.73233
1989 10 2.83398
1990 10 12.5785
1991 10 36.3123
1992 10 25.8496
1993 10 0.000476983
1994 10 23.7184
1995 10 16.2321
1996 10 137.36
1997 10 6.83529
1998 10 15.0455
1999 10 0.0669451
2000 10 56.603
2001 10 305.516
2002 10 2340.96
2003 10 139.96
2004 10 28.3649
2005 10 0.86813
2006 10 0.0286829
2007 10 19.6684
2008 10 0.0598427
2009 10 14.3192
2010 10 -6.46854e-05
2011 10 0.014629
2012 10 1.16669
2013 10 1.55669
2014 10 -8.05154e-05
2015 10 1.82103
2016 10 0.189276
1982 11 2.31176
1983 11 0.639117
1984 11 1.76251
1985 11 109.412
1986 11 249.871
1987 11 84.4355
1988 11 0.260609
1989 11 0.0157826
1990 11 10.6439
1991 11 106.683
1992 11 34.5384
1993 11 0.000757216
1994 11 29.0461
1995 11 2.98204
1996 11 72.089
1997 11 29.5249
1998 11 481.775
1999 11 3.81189
2000 11 134.206
2001 11 228.851
2002 11 85.9574
2003 11 57.7417
2004 11 876.624
2005 11 0.279503
2006 11 4.22389
2007 11 103.182
2008 11 0.15525
2009 11 0.338948
2010 11 6.32314e-06
2011 11 2.0621e-05
2012 11 0.0324105
2013 11 0.402126
2014 11 -7.12318e-05
2015 11 0.326981
2016 11 2.70427
1982 12 0.235801
1983 12 15.1417
1984 12 186.705
1985 12 2.39744
1986 12 102.413
1987 12 31.8937
1988 12 0.113599
1989 12 0.000407604
1990 12 4.64222
1991 12 218.391
1992 12 23.4858
1993 12 0.000475462
1994 12 19.4024
1995 12 0.000273246
1996 12 52.0901
1997 12 14.3464
1998 12 29.0815
1999 12 0.320404
2000 12 64.4821
2001 12 51.6156
2002 12 53.7685
2003 12 21.815
2004 12 55.716
2005 12 0.225278
2006 12 39.3618
2007 12 41.3916
2008 12 0.183163
2009 12 138.851
2010 12 0.252397
2011 12 3.5905e-05
2012 12 3.38426e-05
2013 12 0.110856
2014 12 0.0231802
2015 12 758.091
2016 12 247.427
