xmlns:cpt=http://iri.columbia.edu/CPT/v10/
cpt:nfields=1
cpt:field=eigenvalues, cpt:nrow=9, cpt:ncol=3, cpt:row=mode, cpt:col=index 
Mode	Eigenvalue	% variance	Cum. % variance
1	4.0656939314980498	45.174377016644975	45.174377016644975
2	2.8641762214383633	31.824180238204022	76.998557254849004
3	1.3399270558821683	14.888078398690753	91.886635653539741
4	0.60986810026183003	6.7763122251314423	98.662947878671190
5	7.8740845769758150E-002	0.87489828633064570	99.537846165001838
6	2.5709765018754625E-002	0.28566405576394016	99.823510220765769
7	1.1717245260085158E-002	0.13019161400094614	99.953701834766719
8	3.3144926240389048E-003	3.6827695822654487E-002	99.990529530589384
9	8.5234224695639193E-004	9.4704694106265731E-003	100.00000000000000
