xmlns:cpt=http://iri.columbia.edu/CPT/v10/
cpt:nfields=3
cpt:field=undefined_relodds_B, cpt:nrow=28, cpt:ncol=1, cpt:row=T, cpt:col=station, cpt:missing=-999.00000000000000               
	06.0
cpt:Y	28.308889059999998
cpt:X	-98.557238400000003
1983	2.8679304676933648
1984	0.87943894497960240
1985	0.55846335158207183
1986	1.6092464809346196
1987	0.36877325762472551
1988	1.5250297106458783
1989	1.1552722937040545
1990	1.0498139592154352
1991	1.1938383374109944
1992	0.36775587972713397
1993	0.54034606292518805
1994	1.0810821748596875
1995	2.5495052828745135
1996	8.6914955399524949
1997	0.79948782283792907
1998	17.095459608468516
1999	0.72266546583480484
2000	2.0919945312833308
2001	0.66221916071606535
2002	0.92818081053453327
2003	2.4960173581378893
2004	0.47472727761255823
2005	1.3514314487866674
2006	2.0289255025157842
2007	0.47226693177260959
2008	2.4387472953139535
2009	2.6177445106256614
2010	1.4584665757390420
cpt:field=undefined_relodds_N, cpt:nrow=28, cpt:ncol=1, cpt:row=T, cpt:col=station, cpt:missing=-999.00000000000000               
	06.0
cpt:Y	28.308889059999998
cpt:X	-98.557238400000003
1983	0.52801864293252188
1984	0.62341504353559130
1985	0.55194922573509131
1986	0.66341235499192752
1987	0.47026242325817386
1988	0.65132916004382480
1989	0.67845980239418313
1990	0.64948328335022854
1991	0.60256123720441646
1992	0.43250726498508463
1993	0.57767111024838047
1994	0.65829001621169669
1995	0.55850755356283721
1996	0.25118403220392899
1997	0.64037392681424188
1998	0.14530223260981864
1999	0.63431125660258336
2000	0.54205618004364708
2001	0.58250834016235975
2002	0.67617044103713064
2003	0.56983060683528042
2004	0.55305755604597462
2005	0.62805157201817785
2006	0.62920136358627099
2007	0.52763926493156621
2008	0.57022868077324673
2009	0.57452136155506928
2010	0.62687820591026278
cpt:field=undefined_relodds_A, cpt:nrow=28, cpt:ncol=1, cpt:row=T, cpt:col=station, cpt:missing=-999.00000000000000               
	06.0
cpt:Y	28.308889059999998
cpt:X	-98.557238400000003
1983	0.50622049605603037
1984	1.6828670554748413
1985	2.6022916103481886
1986	0.87789941312822006
1987	3.7795027365716720
1988	0.94859014567400890
1989	1.2287096885333342
1990	1.3935224050262407
1991	1.3040349353527694
1992	4.0038172576856264
1993	2.5786338748052691
1994	1.3416090140783283
1995	0.56842925418018464
1996	0.16329862507580964
1997	1.7870529963736665
1998	7.6857247467765344E-002
1999	1.9508982260484322
2000	0.76061549050098487
2001	2.2166855041726112
2002	1.5109554186011795
2003	0.57433241163639503
2004	2.8964916910056506
2005	1.1141976476954720
2006	0.69214345393667875
2007	3.0028301364287850
2008	0.59308680455833507
2009	0.53150235271148416
2010	1.0287013802498406
