xmlns:cpt=http://iri.columbia.edu/CPT/v10/
cpt:nfields=1
cpt:field=X_loadings, cpt:nrow=9, cpt:ncol=4, cpt:row=station, cpt:col=mode 
Station	Latitude	Longitude	1	2	3	4
PRATE_1	28.818790000000000	-99.375339999999994	-0.42628836374917378	9.3999297660404033E-002	-0.26160246159100331	0.14650408361342876
PRATE_2	27.873909999999999	-99.375339999999994	-0.34918341662834146	-0.32368121063745103	-0.32999337629851677	0.20721296793311531
PRATE_3	28.818790000000000	-98.437839999999994	-0.22547845711287043	0.52233321501504626	-4.3896316598894092E-002	6.3608049051591398E-002
PRATE_4	27.873909999999999	-98.437839999999994	-0.39540594691941899	0.12263487718796277	-0.38305992914115222	0.34504125709228278
TMP_1	28.818790000000000	-99.375339999999994	0.42635184426606437	2.2492754380590167E-002	-0.21418835148649484	0.38851925455057934
TMP_2	27.873909999999999	-99.375339999999994	0.20305947266644511	0.53959675929501894	-3.9087134720519959E-002	0.12943289228039112
TMP_3	28.818790000000000	-98.437839999999994	0.19320019379078457	-0.52925208529451073	-0.15241442520499532	0.26697077574802780
TMP_4	27.873909999999999	-98.437839999999994	0.40552242017239487	0.15403613496824042	-0.16471923496863961	0.47353869105368351
05.0	28.308889059999998	-98.557238400000003	-0.25373013678049017	-5.4934670317653589E-002	0.75910453191353811	0.59100551149377700
