xmlns:cpt=http://iri.columbia.edu/CPT/v10/
cpt:nfields=3
cpt:field=undefined_relodds_B, cpt:nrow=28, cpt:ncol=1, cpt:row=T, cpt:col=station, cpt:missing=-999.00000000000000               
	02.0
cpt:Y	28.308889059999998
cpt:X	-98.557238400000003
1983	13.545662147106761
1984	0.48835378745327512
1985	3.4065417995856939E-002
1986	1.3819197219686363
1987	4.8032825421928792E-002
1988	0.17046348903974648
1989	129.09757713412969
1990	164179.61548949144
1991	1.6847365930691107
1992	1.3762360550886115E-003
1993	5.4487705624889228E-002
1994	240832.29735901189
1995	0.46674918722012859
1996	394760.64986519003
1997	0.20988005292178608
1998	0.89335467266271928
1999	5.3453036988853592E-002
2000	14.636911627505524
2001	3.4261456150514097E-002
2002	7.6852957601703339E-002
2003	0.11085770675595802
2004	0.22631159858207012
2005	1.4535821154454766E-002
2006	20.998269073861096
2007	9.3631690008215931E-002
2008	0.21542607055164006
2009	38.468081510016439
2010	1.8446674358448888E-002
cpt:field=undefined_relodds_N, cpt:nrow=28, cpt:ncol=1, cpt:row=T, cpt:col=station, cpt:missing=-999.00000000000000               
	02.0
cpt:Y	28.308889059999998
cpt:X	-98.557238400000003
1983	0.28826286969540310
1984	4.1164901221887762
1985	1.0894555535201893
1986	2.4598667566190731
1987	1.6237029833365224
1988	2.9376259483203597
1989	3.0674721273251278E-002
1990	2.4110056718030966E-005
1991	2.0974864414849153
1992	0.11080668890765080
1993	1.7961625032842330
1994	1.6445449964990753E-005
1995	4.2577057809643977
1996	1.0032834025694088E-005
1997	3.8243906392174476
1998	3.3363153437242747
1999	1.6344813305566386
2000	0.26775151523964291
2001	1.2919311970281067
2002	2.2812090699533689
2003	2.7913004871586331
2004	4.0195034710762112
2005	0.68253222813159797
2006	0.18733317991561527
2007	2.6340511544381431
2008	3.2845837558864299
2009	0.10270764896159551
2010	0.67563869844672486
cpt:field=undefined_relodds_A, cpt:nrow=28, cpt:ncol=1, cpt:row=T, cpt:col=station, cpt:missing=-999.00000000000000               
	02.0
cpt:Y	28.308889059999998
cpt:X	-98.557238400000003
1983	5.3718084681345299E-003
1984	0.30077885221759959
1985	3.4144167428544501
1986	8.2951423566706442E-002
1987	2.2414978409362649
1988	0.96962870348271468
1989	3.0031046412286848E-004
1990	2.5349770157717197E-007
1991	6.3735917017752400E-002
1992	35.606289306100251
1993	2.0026139139632027
1994	1.6361532998721833E-007
1995	0.29988059467896405
1996	9.9887170568476707E-008
1997	0.66102549445420744
1998	0.14139545553446478
1999	2.2039243006114724
2000	4.3001457809935112E-003
2001	2.8864379996695599
2002	1.5097154006999551
2003	1.1491369272684748
2004	0.59942867509081943
2005	5.6437619486468762
2006	2.6405014581787982E-003
2007	1.2619279480002346
2008	0.78249336874013753
2009	1.1531459040119727E-003
2010	5.6436830744735094
