xmlns:cpt=http://iri.columbia.edu/CPT/v10/
cpt:nfields=1
cpt:field=X_loadings, cpt:nrow=9, cpt:ncol=4, cpt:row=station, cpt:col=mode 
Station	Latitude	Longitude	1	2	3	4
PRATE_1	28.818790000000000	-99.375339999999994	0.33130097035797190	0.37183325343591667	-0.31051398954550091	5.7775236240340248E-002
PRATE_2	27.873909999999999	-99.375339999999994	1.1227862186606430E-002	0.58237987145157943	-9.1189423148839932E-002	-0.12805310023210467
PRATE_3	28.818790000000000	-98.437839999999994	0.45651720746474794	-0.10528175178069610	-0.26508385977132259	0.16913836795087847
PRATE_4	27.873909999999999	-98.437839999999994	0.30506391399283056	0.38966842801037160	-0.34322442093593158	2.8131632518332419E-002
TMP_1	28.818790000000000	-99.375339999999994	-0.42529952316454539	4.0622909454662737E-002	-0.38618924506031604	0.26124570109191791
TMP_2	27.873909999999999	-99.375339999999994	0.15703852877088589	-0.45702612326485886	-0.41148372656662902	0.33515534288849519
TMP_3	28.818790000000000	-98.437839999999994	-0.42277704188805659	0.30669431712397982	-2.6087850486099295E-002	1.3431261045326779E-002
TMP_4	27.873909999999999	-98.437839999999994	-0.42836133312030111	3.5783174801144596E-002	-0.33379425468741125	0.36150945225147418
06.0	28.308889059999998	-98.557238400000003	0.14445416932652641	0.23191172468669291	0.52595905252170005	0.79963575851192714
