xmlns:cpt=http://iri.columbia.edu/CPT/v10/
cpt:nfields=1
cpt:field=X_loadings, cpt:nrow=9, cpt:ncol=4, cpt:row=station, cpt:col=mode 
Station	Latitude	Longitude	1	2	3	4
PRATE_1	28.818790000000000	-99.375339999999994	0.31635242977710964	0.43015379762062744	-0.12268850573365128	-1.0591287809054278E-002
PRATE_2	27.873909999999999	-99.375339999999994	0.10330548535371470	0.62095485957501850	-0.16440674613881062	-0.23296092088539119
PRATE_3	28.818790000000000	-98.437839999999994	0.41486681557674565	-3.1001216559255473E-002	-0.14696401469777223	0.40425109784700103
PRATE_4	27.873909999999999	-98.437839999999994	0.34696918220070039	0.31274770818226416	-0.24083642337933736	0.36089707437099849
TMP_1	28.818790000000000	-99.375339999999994	-0.39752727121220677	0.25379893214255089	-7.3814810706104059E-002	7.5874770941314493E-002
TMP_2	27.873909999999999	-99.375339999999994	-0.37941274836362660	-4.3754601371421342E-002	-0.22651626554597232	0.71618998893629437
TMP_3	28.818790000000000	-98.437839999999994	-0.36662609146766284	0.34168865077076460	1.3773794870607231E-003	-0.15762279207204710
TMP_4	27.873909999999999	-98.437839999999994	-0.39418654740417891	0.26814713678954039	-5.5266175406146194E-002	0.10981333412692730
04.0	28.308889059999998	-98.557238400000003	7.0479349660692775E-002	0.27500578944717463	0.90471147654260964	0.31042292362533191
