xmlns:cpt=http://iri.columbia.edu/CPT/v10/
cpt:nfields=3
cpt:field=undefined_prob_B, cpt:nrow=28, cpt:ncol=1, cpt:row=T, cpt:col=station, cpt:units=%, cpt:missing=-999.00000000000000               
	05.0
cpt:Y	28.308889059999998
cpt:X	-98.557238400000003
1983	60.065826492745082
1984	54.800206123160130
1985	29.184743147931442
1986	55.867376557299735
1987	20.660105472660177
1988	46.726339255384254
1989	63.307522702172982
1990	46.518995078394724
1991	35.333941770185405
1992	13.856412993699990
1993	36.143400501697464
1994	68.579160055282571
1995	59.090540585697539
1996	91.980327942614082
1997	15.615352617017464
1998	70.107885077610050
1999	35.481080420379627
2000	57.176007494419736
2001	29.973446949577479
2002	60.714259180356478
2003	46.881322400561295
2004	19.317292810367064
2005	31.316211493121031
2006	73.392217996074777
2007	38.820713780421478
2008	55.011065252167079
2009	89.938928219666224
2010	30.488108132848765
cpt:field=undefined_prob_N, cpt:nrow=28, cpt:ncol=1, cpt:row=T, cpt:col=station, cpt:units=%, cpt:missing=-999.00000000000000               
	05.0
cpt:Y	28.308889059999998
cpt:X	-98.557238400000003
1983	18.456574564844868
1984	19.175224914855828
1985	21.997501709472019
1986	20.154241579534606
1987	18.863358852574059
1988	21.831908318191783
1989	18.558762055528991
1990	21.283189997961180
1991	22.056207937520050
1992	14.963376132580819
1993	20.515373887537066
1994	16.471440996815026
1995	18.652778843266169
1996	5.0760019993470191
1997	13.728276963984456
1998	16.012671702438098
1999	22.096727868317117
2000	20.197356771949817
2001	22.339045985035568
2002	18.975367001123519
2003	22.151226780404755
2004	17.759086987886313
2005	21.825042231555152
2006	14.783892188938209
2007	22.755471394286843
2008	19.889305977365208
2009	6.1781623648020636
2010	22.101339380699109
cpt:field=undefined_prob_A, cpt:nrow=28, cpt:ncol=1, cpt:row=T, cpt:col=station, cpt:units=%, cpt:missing=-999.00000000000000               
	05.0
cpt:Y	28.308889059999998
cpt:X	-98.557238400000003
1983	21.477598942410051
1984	26.024568961984041
1985	48.817755142596539
1986	23.978381863165659
1987	60.476535674765763
1988	31.441752426423964
1989	18.133715242298027
1990	32.197814923644096
1991	42.609850292294546
1992	71.180210873719190
1993	43.341225610765470
1994	14.949398947902401
1995	22.256680571036291
1996	2.9436700580388924
1997	70.656370418998080
1998	13.879443219951854
1999	42.422191711303256
2000	22.626635733630447
2001	47.687507065386953
2002	20.310373818520002
2003	30.967450819033949
2004	62.923620201746623
2005	46.858746275323817
2006	11.823889814987021
2007	38.423814825291679
2008	25.099628770467714
2009	3.8829094155317199
2010	47.410552486452126
