xmlns:cpt=http://iri.columbia.edu/CPT/v10/
cpt:nfields=1
cpt:field=X_scores, cpt:nrow=28, cpt:ncol=4, cpt:row=T, cpt:col=index 
	1	2	3	4
1983	-4.3306272666485874	-3.1796430131877504	-1.5202259389814714	-1.1334373905452597
1984	0.15361944797491164	-3.1539394939213077	-0.42076735297197526	0.34338345708550522
1985	-5.0769189773263665	-1.8341116338552879	1.1936316199945443	1.4456065591738345
1986	-7.8961883162626062E-002	1.0459096254651170	-0.64360184753186589	-0.14344791625075526
1987	-5.7280325645813548	-3.1513782324586472	0.10701552707702983	0.72469364684643278
1988	-1.1404687635945399	0.44242080073653350	0.64510903166375222	0.83970661293866022
1989	3.4597271969848347	-0.86240038697773225	0.62920272268348121	0.57657651405190269
1990	-4.5423390767787044	2.8885241658046850	-9.5967841654383962E-002	-0.61817280611002201
1991	0.13979741153527828	0.28014145445810529	-0.15630362620960564	-0.48052284133662526
1992	-5.9810464210188039	0.37628288645376590	-3.0719385884428112E-002	-0.55918974358973894
1993	-4.1703362213931703	-0.31510393806808584	-0.52479617782496168	-0.33455536445714362
1994	-1.2524627571690519	1.2668223650177042	0.16013508841528137	0.73921352186322975
1995	-1.5426158591748127	1.7227629567933747	-0.11458015065948449	0.12135344484491951
1996	4.9017543183665397	-0.73179704277451196	-2.5166361171303837	0.85695466388338737
1997	-2.9857492468653128	1.0022690547978297	0.23408150247208506	0.14522025566943886
1998	1.5580035768895841	-1.4222627119626166	0.29162129456836705	-1.7130120402271884
1999	3.6042891532574997	-2.1800133339511296	1.3535594706019785	-0.83546851484442064
2000	3.7153868026877079	1.3032281535647345	0.63814574195910057	-8.3896526132425070E-002
2001	-1.2837186342685549	2.9842206924468431	-5.8650338762940950E-002	-0.20656424863931183
2002	3.1846592419769797	0.46312415543160995	0.43693119410533904	0.11338282063868768
2003	-2.2268819736023442	1.0497658476118812	0.28592703100913797	0.46552345525260308
2004	-2.5128529898875485	2.1692725506830155	0.43537943014032338	-6.5045605333390724E-002
2005	-0.23458300621208478	-0.35945429962372855	1.0460120537717059	-0.52812901474356233
2006	4.9644523860509002	-0.13014247208005778	-0.54006447899516408	0.13016859679853543
2007	2.5091006655428885	-1.0742713265399806	0.54327933488412727	0.47313711726048968
2008	9.0277711103226270	0.24941869580461246	1.3914745822233872	-4.0255927615963930E-002
2009	3.5936334469155646	1.1595176789678798	-2.4298292400540014	0.39581091140169278
2010	2.2754008831773813	-9.1631986378942435E-003	-0.33936312890893766	-0.62903363788345557
