xmlns:cpt=http://iri.columbia.edu/CPT/v10/
cpt:nfields=1
cpt:field=eigenvalues, cpt:nrow=9, cpt:ncol=3, cpt:row=mode, cpt:col=index 
Mode	Eigenvalue	% variance	Cum. % variance
1	4.5163322673228308	50.181469636920347	50.181469636920347
2	2.6329164462241965	29.254627180268852	79.436096817189195
3	1.0186234840028756	11.318038711143062	90.754135528332256
4	0.68714377480352740	7.6349308311503039	98.389066359482555
5	7.4663920464444158E-002	0.82959911627160177	99.218665475754150
6	4.7709744926703795E-002	0.53010827696337559	99.748773752717526
7	1.6432674617040881E-002	0.18258527352267645	99.931359026240216
8	4.8944273244040555E-003	5.4382525826711728E-002	99.985741552066926
9	1.2832603139776850E-003	1.4258447933085387E-002	100.00000000000000
