xmlns:cpt=http://iri.columbia.edu/CPT/v10/
cpt:nfields=1
cpt:field=X_loadings, cpt:nrow=9, cpt:ncol=4, cpt:row=station, cpt:col=mode 
Station	Latitude	Longitude	1	2	3	4
PRATE_1	28.818790000000000	-99.375339999999994	0.40580461822239933	0.20815163599308853	-0.28113989921804894	0.14437923762849558
PRATE_2	27.873909999999999	-99.375339999999994	0.43328724061609825	-0.10825813573919896	-0.25370044023965976	0.10418512680259223
PRATE_3	28.818790000000000	-98.437839999999994	0.14696949566017253	0.61574506640900639	-8.6868368758464279E-002	0.14656554807872327
PRATE_4	27.873909999999999	-98.437839999999994	0.40637130099096713	0.21607030936443339	-0.26794115501748583	0.17864280147904379
TMP_1	28.818790000000000	-99.375339999999994	-0.37934713272794596	-2.6525832761377835E-002	-0.40887479683324301	0.37232356176735953
TMP_2	27.873909999999999	-99.375339999999994	-0.35393277811842805	0.43175401914176503	-9.1458935207710396E-003	9.3359601329410735E-002
TMP_3	28.818790000000000	-98.437839999999994	4.3716645672694301E-002	-0.56288798428362374	-0.37981383374026789	0.25405666710525637
TMP_4	27.873909999999999	-98.437839999999994	-0.41386989551027720	8.9373210587405744E-002	-0.28981227118645375	0.33609803463990423
06.0	28.308889059999998	-98.557238400000003	0.13592283829755072	-8.4729573429032576E-002	0.61785590550107827	0.76815223484286477
