xmlns:cpt=http://iri.columbia.edu/CPT/v10/
cpt:nfields=1
cpt:field=Predictor_scores, cpt:nrow=28, cpt:ncol=4, cpt:row=T, cpt:col=index 
	1	2	3	4
1983	-5.1746677833317376	0.20222061534558861	-0.84775281722410400	-1.5719749874790467
1984	0.68683672103186966	-2.2441724560512517	-0.12757524568178558	0.19608148146874302
1985	-0.10528429604416491	-2.6493968399365757	0.37780081615921768	0.36908985640617686
1986	1.4591848550006206	-1.7875886042793683	-0.32533940393849503	-0.49901438600727355
1987	-5.9969982215109292	-0.78411873270705790	0.12625886183600665	0.69230736935682435
1988	-4.4164366022929462	-1.1378416703791423	-4.9248735657919651E-003	-0.28724680381530737
1989	1.3702899706073681	-1.3380101307523349	-1.1859677255136070	0.33689524565705020
1990	-4.3473252123247255	6.5116864241194090	-1.3206526981697664	1.0227924635217025
1991	-1.6578436318346887	-2.6779144501649443	-0.75656841700109512	-0.40819169655244275
1992	-1.2481212478668720	0.91592861716784979	1.2114050551743230	-0.29615191425389831
1993	-3.4171665033714502	-1.0624860108469452	3.3993062792012196E-002	0.29862707311437453
1994	2.3745835133770474	0.11992065522871304	-2.2620742032768240	-0.23004760132953142
1995	-1.0338536320246507	3.0071863992907768	0.86684620641072596	-1.3405030118239452
1996	6.6958187597148333	1.5309982468900869	-1.5891083408020907	4.9912198867941716E-002
1997	-3.1149154477819985	-1.2586408780976432	1.1876604495555720E-002	9.1306629099260073E-002
1998	-0.99418476803997569	1.5160706883558912	0.56028862679746771	0.32871124411556640
1999	4.6132138240555589	-1.2290633807818472	0.84414456424035822	-2.0982097124353307E-002
2000	7.2054722150886370	2.0556191579665297	0.56111924537367430	1.6164483410831227E-002
2001	1.7754567603409073	1.2758696887990022	1.0759254475973736	0.23199196641509684
2002	1.6375267471564701	-1.8108741703544997	0.32674735289794549	-0.15356352598308545
2003	-0.40887583414142709	0.24260172706969632	0.63452922290579861	0.25180861987588055
2004	-1.6494181969699473	-9.8005052620096927E-003	0.27756171553037345	0.34716082845566543
2005	-1.9916007991261491	3.3976217663181694	1.3653266377312416	-9.7013839604295618E-002
2006	0.46783861540477578	1.7611924736680831	-0.44075317886644400	2.6285509512354175E-002
2007	2.5950680497128054	-2.3901965966117724	0.25758044066945185	0.27552982601690257
2008	4.9062622433491647	-1.2782841520648287	0.67173595727799373	0.37325477491897663
2009	4.8095516824522093	1.4410675371738502	-0.17458385583371572	-0.35485535709992899
2010	-5.0404117806304791	-2.3195954191034063	-0.16783905801578816	0.35162565085957437
