xmlns:cpt=http://iri.columbia.edu/CPT/v10/
cpt:nfields=1
cpt:field=Predictor_scores, cpt:nrow=28, cpt:ncol=4, cpt:row=T, cpt:col=index 
	1	2	3	4
1983	4.0449267377362608	-2.1716127253561037	0.21721883502867859	-0.43565296115330682
1984	1.6814228985620661	-2.9087217307736650	0.46313568757298401	-0.35739410707773156
1985	2.1115400107811082	-0.78198518799994321	0.97794038270402084	-0.25060012960487277
1986	-3.1845661829810719	-1.9988811141058762	0.74351927255765493	0.69064863746857497
1987	0.12441296006783262	0.49990226539875965	0.48684486722626591	0.37183895625538010
1988	6.7925412035015533	-0.96267216595175631	0.47941680288303729	2.9410473617664468E-002
1989	4.8071035554378323	-7.7372415504228048E-002	0.18989264689263682	0.48957628453899232
1990	-1.7160198072007002	-0.10311371229667536	-0.42131067479884959	-1.5306599980435462
1991	-3.9233065723233800	0.26820402996447329	-1.7073736484603086E-002	-0.48580885884589842
1992	-1.7466571235369950	0.21409337799904390	0.21191351649763757	7.0446664138376511E-002
1993	-3.8055988922396224	-1.8558810635626678E-002	-3.0228098612381142	0.15353675417715851
1994	-3.2722008755471208	-0.46713042899435692	8.5992581228986759E-002	0.43673717068608625
1995	4.1771551077949303	-0.31575361930968088	0.67991466759124009	-8.3029343915080170E-002
1996	-1.3720556304841200	2.2783464822568971	0.72294548520862179	0.10984482260721054
1997	-2.4551711331901833	-2.5119206042857085	-0.19592394924586384	-0.75381830924149540
1998	4.4008642480243809	1.6393025948032189	0.67068362817648941	-0.70588534707305250
1999	9.1980003283957217	1.5027357340754868	-0.13881445272596254	0.18296676726585684
2000	-1.9976931561448779	1.9691399319209828	0.67203974811524669	-5.3150831374872719E-002
2001	-3.1868710109119642	0.12967162048979214	0.94043755514963745	0.26265771263983906
2002	-5.5785850046385344	1.3820390700344831	0.85799996730796635	0.13979627471771808
2003	-4.0337333141350973	2.0519484750875425	0.20733341188746759	-0.59423306312640789
2004	-0.19282668151258292	2.7438052853163031E-002	0.69536159176953061	4.0428246009911351E-002
2005	2.0143963112633063	0.25154322959896319	-0.12490369461748327	0.67141197539363495
2006	-1.8392425143741225	-1.2181829086262443	-1.1233619388218847	1.0971115988136333
2007	-0.25517497338500938	0.41576822707358063	0.57811977837641049	0.78132747698188432
2008	-2.2025218857355964	-0.77258751930232272	-1.5007810792607623	-6.7620556744253046E-002
2009	-4.9322196348712568	0.17273530462093678	-0.44782932917905000	-0.11839916099495335
2010	6.3420810316472602	1.5056245469648712	-2.8879017098019304	-9.1487148116424888E-002
