xmlns:cpt=http://iri.columbia.edu/CPT/v10/
cpt:nfields=3
cpt:field=undefined_relodds_B, cpt:nrow=28, cpt:ncol=1, cpt:row=T, cpt:col=station, cpt:missing=-999.00000000000000               
	03.0
cpt:Y	28.308889059999998
cpt:X	-98.557238400000003
1983	1.9995141362718842
1984	2.9312499775216416
1985	1.4590086875712771
1986	2.4104783987901413
1987	0.69842876880954030
1988	1.4815332427737480
1989	3.6513072982424717
1990	5.7615504255259644
1991	1.4292997610134517
1992	0.59204691774960216
1993	0.90603986521424718
1994	7.9582420113131116
1995	1.3164829855356699
1996	10.015750824020454
1997	1.2977368596157735
1998	1.7359657292451023
1999	1.7600023138188619
2000	3.7279107391710755
2001	0.61799005642152594
2002	1.3095615202703175
2003	1.0931309948538359
2004	1.0022825084695082
2005	1.0318263885517736
2006	3.5797563890218664
2007	1.9858679760694899
2008	2.2487725533488656
2009	3.3995554779541011
2010	1.1305123121768192
cpt:field=undefined_relodds_N, cpt:nrow=28, cpt:ncol=1, cpt:row=T, cpt:col=station, cpt:missing=-999.00000000000000               
	03.0
cpt:Y	28.308889059999998
cpt:X	-98.557238400000003
1983	0.42565977510939640
1984	0.40943429213098437
1985	0.47263447656787977
1986	0.44251506362850540
1987	0.41033799492919254
1988	0.46533884579364809
1989	0.37513829504271035
1990	0.26573680735956079
1991	0.46092941441375701
1992	0.36228390086040113
1993	0.45669642911316960
1994	0.22047395391873170
1995	0.47102465992903747
1996	0.18796343385967815
1997	0.47019788299384774
1998	0.47338059515670056
1999	0.45030026481331970
2000	0.33312730390381579
2001	0.37190083625734310
2002	0.48299979047681596
2003	0.47626802145827185
2004	0.46726182323559318
2005	0.46988345104346962
2006	0.37812273414926395
2007	0.45575238634814408
2008	0.42232012098379035
2009	0.36970527429213224
2010	0.45214866182523655
cpt:field=undefined_relodds_A, cpt:nrow=28, cpt:ncol=1, cpt:row=T, cpt:col=station, cpt:missing=-999.00000000000000               
	03.0
cpt:Y	28.308889059999998
cpt:X	-98.557238400000003
1983	0.96111470082596540
1984	0.61659222682272208
1985	1.2629313700150391
1986	0.74836137834774363
1987	2.6612571669054979
1988	1.2557756261996404
1989	0.48742805969681874
1990	0.32665147683039425
1991	1.3107678288128430
1992	3.2387461748598696
1993	2.0186723880133450
1994	0.22604921634227396
1995	1.4038457389804437
1996	0.17519037877487387
1997	1.4254098458783913
1998	1.0485328040377011
1999	1.0681484676796316
2000	0.52011683401970099
2001	3.0910070121693254
2002	1.3886070152915675
2003	1.6647557189286908
2004	1.8224477164265565
2005	1.7694824812268921
2006	0.49824521685830470
2007	0.92477674375932528
2008	0.84243887447559729
2009	0.54578490225561094
2010	1.6662556312900321
