xmlns:cpt=http://iri.columbia.edu/CPT/v10/
cpt:nfields=1
cpt:field=eigenvalues, cpt:nrow=9, cpt:ncol=3, cpt:row=mode, cpt:col=index 
Mode	Eigenvalue	% variance	Cum. % variance
1	6.3701602110256745	70.779557900285269	70.779557900285269
2	1.3011988932985170	14.457765481094631	85.237323381379895
3	0.79024601387310034	8.7805112652566688	94.017834646636558
4	0.48114080688158500	5.3460089653509435	99.363843611987505
5	3.8649866797897892E-002	0.42944296442108759	99.793286576408605
6	1.3166763186297867E-002	0.14629736873664295	99.939583945145259
7	2.7179845986937943E-003	3.0199828874375490E-002	99.969783774019646
8	2.2037768167887219E-003	2.4486409075430239E-002	99.994270183095068
9	5.1568352144395460E-004	5.7298169049328279E-003	100.00000000000000
