xmlns:cpt=http://iri.columbia.edu/CPT/v10/
cpt:nfields=1
cpt:field=X_scores, cpt:nrow=28, cpt:ncol=4, cpt:row=T, cpt:col=index 
	1	2	3	4
1983	1.2728697709693833	-0.61108407184699443	1.1517260710976653	-0.59599432943030128
1984	-0.45819036496042770	-1.4917172646730492	-1.7209066430466347	-0.35051087316815971
1985	-2.0227702577993463	-1.0607257402027561	-6.6406028900508007E-002	2.5579812347173760
1986	3.1717663846405846	-2.1608153794867677	-0.14899743832365542	0.81723276002354428
1987	-1.7009600691836404	-0.84003167311904892	0.38556170174981852	0.51482519212249844
1988	-0.61048944844795738	0.75808273573740503	0.89668630560032192	1.4328257715526191
1989	0.43974408112854679	0.70033133932041847	-0.85720499585111698	-0.44780943238716009
1990	-1.6816664109017974	2.5096864048694574	0.69329570430941290	-2.1961712212551099
1991	6.8025514179425262	-0.66514606062079051	0.26123847211997897	-0.56123966986644369
1992	1.3613823274596706	-3.3606869020480623	0.31781224139131065	-0.55915820247233439
1993	-1.7725577957113703	-0.67719430468932162	-0.33053086474926768	-0.63677822118384808
1994	0.82932508835472352	0.41732584665762462	-0.72418352774422468	-1.3572194442874375
1995	3.6275449076610249	1.7550106070170541	1.6168667169842357	0.47460116197212865
1996	2.6657203911570519	1.1118409965011948	-0.35261692045884624	0.96001144490975932
1997	4.5822257371508286	1.0636578313700573	1.9680577062573732	0.14640649494987218
1998	3.7081762851661866	5.1622436879939917	-1.0926146589810106	0.34767886309818929
1999	-0.35689008734011946	1.1453895769684945	0.69387407364684128	0.24527241404887909
2000	-0.46528440500846896	-1.1046729596842979E-002	-2.4876032430562067	-1.3788509255095320
2001	-3.7224599617609599	1.3130215588420435	9.4463479844958384E-002	0.45877058658362979
2002	-2.4894781047139256	-1.7576689952076703	2.1158014565139442	-1.9219080380030584
2003	1.9963820439571871	-1.9979131592687382	1.0121223452289736	-0.31297892725890314
2004	-7.9905488566142822	1.3057553214661641	-0.44734360842729470	0.51763948019821981
2005	0.58532597652050444	-0.78890392104645068	-0.12943412096511556	0.72082059778869878
2006	-2.8403458148151079	-0.78581578715870426	-0.11796739768993912	0.61327394737162488
2007	-9.1988899484684410	0.38743493505072368	0.32119833533685394	-0.62682734027532783
2008	2.8658724031506719	-3.1884486191419161	-1.9309077201520530	9.8966005003235352E-002
2009	3.4600032044576787	2.1497050374607758	-1.1277533697348328	-0.30647731308550064
2010	-2.0583584939915482	-0.38228727114919525	5.7659279983771176E-003	1.3456179838441842
