xmlns:cpt=http://iri.columbia.edu/CPT/v10/
cpt:nfields=1
cpt:field=X_loadings, cpt:nrow=9, cpt:ncol=4, cpt:row=station, cpt:col=mode 
Station	Latitude	Longitude	1	2	3	4
PRATE_1	28.818790000000000	-99.375339999999994	-0.38380065154756227	0.15369943512907303	-0.31071954937654039	-2.4500573740755489E-002
PRATE_2	27.873909999999999	-99.375339999999994	-0.14708855335719198	0.63988205189443659	-0.25228445704139285	-0.13868072419851893
PRATE_3	28.818790000000000	-98.437839999999994	-0.39101179904713368	-0.18540100867169029	-0.21413847062646402	0.20271912541832982
PRATE_4	27.873909999999999	-98.437839999999994	-0.34399485689323278	0.30302299415265377	-0.35659291973147694	0.19389974186226497
TMP_1	28.818790000000000	-99.375339999999994	0.39272165360683686	0.22058527671491723	-0.12871724268965370	0.12831347370265281
TMP_2	27.873909999999999	-99.375339999999994	0.31075601397639946	-0.21145817042808182	-0.44752304026038403	0.68365111918449473
TMP_3	28.818790000000000	-98.437839999999994	0.34964712321779901	0.38103806647950411	2.8703174581848775E-002	-0.15495447070230223
TMP_4	27.873909999999999	-98.437839999999994	0.38175673247670239	0.27089441143811122	-0.13101601750263892	8.7426536537970098E-002
05.0	28.308889059999998	-98.557238400000003	-0.20260409122207718	0.35886593862279870	0.65723515590909765	0.62127106591246717
