xmlns:cpt=http://iri.columbia.edu/CPT/v10/
cpt:nfields=1
cpt:field=eigenvalues, cpt:nrow=9, cpt:ncol=3, cpt:row=mode, cpt:col=index 
Mode	Eigenvalue	% variance	Cum. % variance
1	4.7773049305937425	53.081165895486038	53.081165895486038
2	2.5897631941656711	28.775146601840795	81.856312497326826
3	1.2147690207101454	13.497433563446062	95.353746060772892
4	0.33526269864539121	3.7251410960599034	99.078887156832792
5	6.2342380610220557E-002	0.69269311789133958	99.771580274724116
6	1.1093296380745516E-002	0.12325884867495021	99.894839123399052
7	7.2381560910521553E-003	8.0423956567246185E-002	99.975263079966311
8	1.9573246130536498E-003	2.1748051256151670E-002	99.997011131222450
9	2.6899818997835521E-004	2.9888687775372806E-003	100.00000000000000
