xmlns:cpt=http://iri.columbia.edu/CPT/v10/
cpt:nfields=1
cpt:field=X_loadings, cpt:nrow=9, cpt:ncol=4, cpt:row=station, cpt:col=mode 
Station	Latitude	Longitude	1	2	3	4
PRATE_1	28.818790000000000	-99.375339999999994	-9.3858177376848984E-002	0.51091167817005767	-9.1325175249867468E-002	-0.15406712589973406
PRATE_2	27.873909999999999	-99.375339999999994	2.6918606051052160E-002	0.51917822207632103	-0.10477183300485024	-0.36341991910896232
PRATE_3	28.818790000000000	-98.437839999999994	-0.36353975479594763	0.30751748613246294	-0.15891875505598185	0.57097407314945081
PRATE_4	27.873909999999999	-98.437839999999994	-0.20807237466462625	0.46265953038611302	-0.15896433392329887	0.17980979062849306
TMP_1	28.818790000000000	-99.375339999999994	0.45095568222128024	0.17607452105889870	-3.5683550227323474E-002	1.1075931693720512E-002
TMP_2	27.873909999999999	-99.375339999999994	0.45963455719249713	2.8874748309279205E-002	-6.0268683919173484E-002	0.61664427515102815
TMP_3	28.818790000000000	-98.437839999999994	0.43147771955060910	0.21866539423552506	-2.5798375081010287E-002	-0.26670080751288111
TMP_4	27.873909999999999	-98.437839999999994	0.46219467296490341	0.13227917756458474	-3.9728173029161262E-002	0.15054248484184141
14.0	28.308889059999998	-98.557238400000003	-2.4266707505544612E-002	0.25229756635253753	0.96073317383076429	0.10807928241478378
