xmlns:cpt=http://iri.columbia.edu/CPT/v10/
cpt:nfields=3
cpt:field=undefined_prob_B, cpt:nrow=28, cpt:ncol=1, cpt:row=T, cpt:col=station, cpt:units=%, cpt:missing=-999.00000000000000               
	11.0
cpt:Y	28.308889059999998
cpt:X	-98.557238400000003
1983	60.522066687104690
1984	35.937387632501455
1985	28.263904180667240
1986	34.182293161993954
1987	15.938221145682533
1988	67.230159653620078
1989	56.682953036493707
1990	45.624737986517104
1991	48.652546909807207
1992	46.951000105357423
1993	91.000801970279895
1994	49.759608002568243
1995	52.181852945506321
1996	38.197747815617269
1997	46.409419608315147
1998	35.382495020318473
1999	57.851219861772705
2000	36.011193235916373
2001	78.827538082759304
2002	56.983447717850908
2003	40.662183193165433
2004	20.311615307599254
2005	39.855900987671156
2006	55.975994904448378
2007	41.619299851314430
2008	80.393278765105634
2009	68.397812794395250
2010	81.245860872133306
cpt:field=undefined_prob_N, cpt:nrow=28, cpt:ncol=1, cpt:row=T, cpt:col=station, cpt:units=%, cpt:missing=-999.00000000000000               
	11.0
cpt:Y	28.308889059999998
cpt:X	-98.557238400000003
1983	14.154948877589586
1984	15.300506242734933
1985	13.512204565381381
1986	12.937125192619590
1987	9.7796879653456728
1988	12.484982516845285
1989	14.783607745820134
1990	15.737591536802704
1991	15.612921281062398
1992	15.793685702350999
1993	4.2792770060250351
1994	15.682686033088949
1995	15.614223223732495
1996	16.107169087189050
1997	16.072393696573592
1998	15.637291297710547
1999	14.926306547533095
2000	13.872646019402275
2001	8.3456563279216098
2002	13.727457834892494
2003	15.337900253224639
2004	11.546779324919555
2005	16.077943265492060
2006	15.127065165320474
2007	15.931010475876953
2008	8.8104648532322081
2009	12.464970941893643
2010	8.4835751313484291
cpt:field=undefined_prob_A, cpt:nrow=28, cpt:ncol=1, cpt:row=T, cpt:col=station, cpt:units=%, cpt:missing=-999.00000000000000               
	11.0
cpt:Y	28.308889059999998
cpt:X	-98.557238400000003
1983	25.322984435305724
1984	48.762106124763612
1985	58.223891253951379
1986	52.880581645386457
1987	74.282090888971794
1988	20.284857829534637
1989	28.533439217686158
1990	38.637670476680192
1991	35.734531809130395
1992	37.255314192291578
1993	4.7199210236950719
1994	34.557705964342809
1995	32.203923830761184
1996	45.695083097193681
1997	37.518186695111261
1998	48.980213681970980
1999	27.222473590694200
2000	50.116160744681352
2001	12.826805589319083
2002	29.289094447256598
2003	43.999916553609928
2004	68.141605367481191
2005	44.066155746836785
2006	28.896939930231149
2007	42.449689672808617
2008	10.796256381662158
2009	19.137216263711110
2010	10.270563996518272
