xmlns:cpt=http://iri.columbia.edu/CPT/v10/
cpt:nfields=3
cpt:field=undefined_relodds_B, cpt:nrow=28, cpt:ncol=1, cpt:row=T, cpt:col=station, cpt:missing=-999.00000000000000               
	10.0
cpt:Y	28.308889059999998
cpt:X	-98.557238400000003
1983	1.9705857730891692
1984	1.2054623690138189
1985	1.3569502275636760
1986	1.9520139355800403
1987	1.3667375637334354
1988	2.2029771513617611
1989	1.8947930628439797
1990	2.5229548585981121
1991	1.8896759150968014
1992	2.5909717887993176
1993	2.5942572757041540
1994	1.2119793366112783
1995	2.4560735986047693
1996	2.4336892059577151
1997	3.0150743938300928
1998	2.4202741376680046
1999	3.4149665576721313
2000	1.3973074381996569
2001	2.4079022753080959
2002	0.60707360405650468
2003	3.0912006699420220
2004	1.6912345955687897
2005	2.3638897365017915
2006	1.7323912705266225
2007	2.5333429733092565
2008	2.3848768444899462
2009	1.9456443475147489
2010	2.0860362293033763
cpt:field=undefined_relodds_N, cpt:nrow=28, cpt:ncol=1, cpt:row=T, cpt:col=station, cpt:missing=-999.00000000000000               
	10.0
cpt:Y	28.308889059999998
cpt:X	-98.557238400000003
1983	0.40027891453865977
1984	0.39093881187430540
1985	0.39641008519200660
1986	0.39564309411904691
1987	0.39532129358391371
1988	0.37129700961941120
1989	0.39650726895839300
1990	0.37619820453796665
1991	0.36153524224295519
1992	0.37222010428504260
1993	0.37090558867771095
1994	0.39581870995129120
1995	0.37964057522704459
1996	0.37900889852985881
1997	0.33691897957914002
1998	0.37800336972027454
1999	0.32713763180106892
2000	0.40462557669544674
2001	0.37954894154306651
2002	0.26048489652118428
2003	0.33915351067020738
2004	0.39326401312933329
2005	0.38360190862679167
2006	0.39137996484790416
2007	0.37540952821906726
2008	0.38078638857077962
2009	0.38749070522435891
2010	0.39504055119610565
cpt:field=undefined_relodds_A, cpt:nrow=28, cpt:ncol=1, cpt:row=T, cpt:col=station, cpt:missing=-999.00000000000000               
	10.0
cpt:Y	28.308889059999998
cpt:X	-98.557238400000003
1983	1.0163206261304778
1984	1.7066309258843850
1985	1.5109928785525015
1986	1.0345329355605648
1987	1.5026757594983196
1988	0.93803732858392419
1989	1.0677385306013341
1990	0.79278680895226594
1991	1.1303232473484888
1992	0.77288556992009139
1993	0.77348506248469440
1994	1.6863418251649465
1995	0.81408209913921159
1996	0.82397259705066284
1997	0.68321449890042452
1998	0.83086565656246025
1999	0.59326544086738264
2000	1.4508451013618591
2001	0.83376828767878153
2002	3.7456336545758342
2003	0.65902567637189235
2004	1.2128665683402706
2005	0.84646052834415675
2006	1.1856604048186101
2007	0.78992796815136357
2008	0.84160220975067979
2009	1.0515140774056100
2010	0.96090502610403805
