xmlns:cpt=http://iri.columbia.edu/CPT/v10/
cpt:nfields=3
cpt:field=undefined_prob_B, cpt:nrow=28, cpt:ncol=1, cpt:row=T, cpt:col=station, cpt:units=%, cpt:missing=-999.00000000000000               
	14.0
cpt:Y	28.308889059999998
cpt:X	-98.557238400000003
1983	27.591505139134512
1984	2.7704676969787272
1985	55.468754923547095
1986	1.8460581865961387
1987	6.7922145568883394
1988	96.955076340842950
1989	99.996641059054070
1990	45.519550573408083
1991	0.30669148509440447
1992	6.8493671124049911
1993	99.998730960888153
1994	11.314367013017872
1995	99.998710157218369
1996	4.9254910556018672
1997	42.473423978434525
1998	2.8702545355411502
1999	69.682549318616182
2000	2.3168708986707145
2001	5.4538410716905048
2002	6.4882869363301978
2003	11.853447874307932
2004	1.3204511289731329
2005	95.822516438652002
2006	9.2262601986081592
2007	6.6482958635493361
2008	92.992425988605845
2009	1.8680490120673738
2010	88.308477265572961
cpt:field=undefined_prob_N, cpt:nrow=28, cpt:ncol=1, cpt:row=T, cpt:col=station, cpt:units=%, cpt:missing=-999.00000000000000               
	14.0
cpt:Y	28.308889059999998
cpt:X	-98.557238400000003
1983	61.030024342401646
1984	34.081392817080292
1985	41.449066374475322
1986	32.687419843349986
1987	53.162915019167528
1988	2.9948903414454500
1989	3.3091018676279288E-003
1990	50.355080379673701
1991	12.199805629601173
1992	56.398779397060053
1993	1.2497299653905073E-003
1994	60.190622997074755
1995	1.2724993462726213E-003
1996	52.033411654671994
1997	49.118263310986265
1998	39.624140747339055
1999	28.693611124094762
2000	36.865410064562084
2001	54.241173542860174
2002	56.038140803367746
2003	63.249330237232243
2004	30.365019203722369
2005	4.1135242919458337
2006	60.350904691053245
2007	53.383712470178565
2008	6.8787418330364600
2009	34.000506321780051
2010	11.401060552530156
cpt:field=undefined_prob_A, cpt:nrow=28, cpt:ncol=1, cpt:row=T, cpt:col=station, cpt:units=%, cpt:missing=-999.00000000000000               
	14.0
cpt:Y	28.308889059999998
cpt:X	-98.557238400000003
1983	11.378470518463844
1984	63.148139485940980
1985	3.0821787019775853
1986	65.466521970053876
1987	40.044870423944133
1988	5.0033317711595075E-002
1989	4.9839078299484757E-005
1990	4.1253690469182143
1991	87.493502885304423
1992	36.751853490534955
1993	1.9309146462730027E-005
1994	28.495009989907377
1995	1.7343435352645281E-005
1996	43.041097289726139
1997	8.4083127105792066
1998	57.505604717119795
1999	1.6238395572890605
2000	60.817719036767201
2001	40.304985385449321
2002	37.473572260302056
2003	24.897221888459821
2004	68.314529667304498
2005	6.3959269402163385E-002
2006	30.422835110338596
2007	39.967991666272098
2008	0.12883217835769933
2009	64.131444666152575
2010	0.29046218189688500
