xmlns:cpt=http://iri.columbia.edu/CPT/v10/
cpt:nfields=3
cpt:field=undefined_relodds_B, cpt:nrow=28, cpt:ncol=1, cpt:row=T, cpt:col=station, cpt:missing=-999.00000000000000               
	13.0
cpt:Y	28.308889059999998
cpt:X	-98.557238400000003
1983	5.6859907663573486
1984	2.0289264689208197
1985	0.60563883457335954
1986	0.45554560501794678
1987	0.59714294127080714
1988	7.3096167555312901
1989	10.986742940378178
1990	1.7712420860100506
1991	0.42069437673121957
1992	0.92701829676035974
1993	33.452223162230311
1994	1.0480075870653827
1995	5.2152806260250815
1996	0.73046478646153223
1997	0.90073027852070242
1998	0.72338067118521543
1999	4.2661964863263231
2000	0.77869845545197247
2001	0.52812163086138320
2002	0.78903142069039656
2003	1.1480540443208573
2004	0.33420671119260242
2005	7.0856067892997547
2006	2.4533282422680882
2007	1.4039442739312511
2008	5.6252527819425717
2009	2.8369950805893827
2010	48.204917635975697
cpt:field=undefined_relodds_N, cpt:nrow=28, cpt:ncol=1, cpt:row=T, cpt:col=station, cpt:missing=-999.00000000000000               
	13.0
cpt:Y	28.308889059999998
cpt:X	-98.557238400000003
1983	0.35982281625872231
1984	0.60786399940704050
1985	0.54173594958080307
1986	0.52242728563904584
1987	0.58059113373125926
1988	0.29352198099369858
1989	0.21634044436670166
1990	0.64748921582908459
1991	0.49139831209024087
1992	0.64527485351001290
1993	7.9966977830595684E-002
1994	0.65101747565798074
1995	0.36631195121911297
1996	0.62702538725075851
1997	0.59200628058646487
1998	0.59642351758876366
1999	0.43345452017710662
2000	0.63363724960500967
2001	0.56078229560307236
2002	0.62563433602730001
2003	0.61647209859203012
2004	0.44873739375914967
2005	0.31089495350751117
2006	0.58066500195282489
2007	0.61467092535369494
2008	0.37476970867436799
2009	0.54863928913074345
2010	5.7978205254491488E-002
cpt:field=undefined_relodds_A, cpt:nrow=28, cpt:ncol=1, cpt:row=T, cpt:col=station, cpt:missing=-999.00000000000000               
	13.0
cpt:Y	28.308889059999998
cpt:X	-98.557238400000003
1983	0.24148641515120389
1984	0.71488781596136142
1985	2.4886313515328924
1986	3.0938544790327462
1987	2.3965050341274448
1988	0.19022763546826776
1989	0.11952340964884499
1990	0.80018697873106448
1991	3.3904179763361615
1992	1.5673153584318877
1993	3.6592846026412613E-002
1994	1.3932448150936936
1995	0.27890776497415520
1996	1.9509557989752622
1997	1.7111577404676677
1998	2.0377262306059611
1999	0.32842358766093455
2000	1.8400058956154550
2001	2.6741259359601481
2002	1.8374127824398403
2003	1.3316739168881890
2004	4.1268800672407995
2005	0.18721213182202479
2006	0.57763963835912335
2007	1.0886518659860012
2008	0.23332261065454848
2009	0.49442595002837553
2010	2.3603974959289044E-002
