STN,01.0
LAT,30.7512899
LON,-98.6697599
1958 6.13773
1959 5.2923
1960 6.10256
1961 6.42244
1962 5.1996
1963 4.56954
1964 4.59006
1965 5.19684
1966 4.73092
1967 4.71223
1968 7.81722
1969 4.79414
1970 6.01274
1971 4.813
1972 5.76957
1973 5.20126
1974 5.50289
1975 6.02731
1976 5.41655
1977 5.69171
1978 5.18403
1979 5.19518
1980 5.04793
1981 5.17953
1982 5.39997
1983 4.91486
1984 4.65205
1985 7.31721
1986 4.96564
1987 6.28823
1988 5.60617
1989 5.41965
1990 5.05561
1991 5.40896
1992 6.73673
1993 5.78965
1994 5.144
1995 5.53576
1996 4.84655
1997 4.99247
1998 5.57025
1999 5.43154
2000 4.96354
2001 6.26149
2002 5.46086
2003 5.19739
2004 5.14458
2005 5.74556
2006 4.87443
2007 4.93159
2008 5.33513
2009 4.6511
2010 6.26054
2011 4.80974
2012 4.8227
2013 4.5207
2014 4.51196
2015 4.41764
