STN,09.0
LAT,30.7512899
LON,-98.6697599
1958 6.48311
1959 4.53903
1960 5.3845
1961 5.16821
1962 4.30136
1963 4.61809
1964 7.99834
1965 4.5778
1966 6.65402
1967 4.38702
1968 4.88658
1969 5.7213
1970 4.89933
1971 6.11589
1972 5.81622
1973 4.71492
1974 7.44542
1975 5.58949
1976 6.43983
1977 4.91779
1978 5.92452
1979 4.70139
1980 8.182
1981 5.5786
1982 4.79082
1983 3.77506
1984 2.81541
1985 4.46935
1986 6.50877
1987 6.58727
1988 5.12812
1989 4.85203
1990 6.91572
1991 5.98846
1992 6.1139
1993 5.15098
1994 5.70011
1995 5.74652
1996 6.22851
1997 5.54635
1998 6.09897
1999 4.3399
2000 4.70502
2001 5.18906
2002 4.65491
2003 5.4984
2004 4.96981
2005 4.51306
2006 4.49981
2007 6.50069
2008 4.61016
2009 5.13874
2010 4.69866
2011 2.35138
2012 3.9279
2013 5.92826
2014 4.00004
2015 3.83298
