xmlns:cpt=http://iri.columbia.edu/CPT/v10/
cpt:nfields=1
cpt:field=X_loadings, cpt:nrow=9, cpt:ncol=4, cpt:row=station, cpt:col=mode 
Station	Latitude	Longitude	1	2	3	4
PRATE_1	33.543170000000003	-99.375339999999994	0.32984873044217444	0.37382420923321652	-0.10318283838949655	0.72974103701821624
PRATE_2	32.598300000000002	-99.375339999999994	0.36785333666995818	0.27860414415226720	-6.9584551525645660E-002	0.13894771614239321
PRATE_3	33.543170000000003	-98.437839999999994	0.29866142353098019	0.44674143373278585	-0.10492206086834022	-0.24302951254200256
PRATE_4	32.598300000000002	-98.437839999999994	0.35015438861150461	0.32645300800739746	-9.4906738226506096E-002	-0.62220974034169951
TMP_1	33.543170000000003	-99.375339999999994	-0.35031486824107816	0.34963352903641681	6.0472952322492099E-002	-1.6317693223598273E-002
TMP_2	32.598300000000002	-99.375339999999994	-0.34692283260600321	0.35785883942756314	6.6016117744572431E-002	-2.5888907912519230E-002
TMP_3	33.543170000000003	-98.437839999999994	-0.35708337492746356	0.32868647546077978	6.2598488829604199E-002	2.3067512570525292E-002
TMP_4	32.598300000000002	-98.437839999999994	-0.35348391542960467	0.34024326097486557	6.7547397468342402E-002	2.2239716112174818E-002
10.0	32.932977780000002	-99.215388899999994	0.22032163340409447	4.8773835497109411E-002	0.97365242091829107	1.6838622062269326E-004
