xmlns:cpt=http://iri.columbia.edu/CPT/v10/
cpt:nfields=3
cpt:field=undefined_relodds_B, cpt:nrow=28, cpt:ncol=1, cpt:row=T, cpt:col=station, cpt:missing=-999.00000000000000               
	05.0
cpt:Y	32.932977780000002
cpt:X	-99.215388899999994
1983	0.75824469004364969
1984	1.9775879025346186
1985	0.24634359694845626
1986	1.6438398101274885
1987	0.35002534791386797
1988	2.4059183104301773
1989	1.2945606762748538
1990	0.17306829459679762
1991	1.8921630605187743
1992	0.23676410533009751
1993	0.37049038332348910
1994	3.0930830951543382
1995	1.8659461635397967
1996	1.0861329067870937
1997	0.43562962876886552
1998	2.3946384463461348
1999	0.69085277692296276
2000	3.9162493739870370
2001	1.9165068914146577
2002	0.56407039038441675
2003	3.9462072676588424
2004	0.94682772783654889
2005	1.7497914164079826
2006	1.6313932842225243
2007	0.53691681560780580
2008	0.60857792945136668
2009	4.5687225821444892
2010	0.30967876367501873
cpt:field=undefined_relodds_N, cpt:nrow=28, cpt:ncol=1, cpt:row=T, cpt:col=station, cpt:missing=-999.00000000000000               
	05.0
cpt:Y	32.932977780000002
cpt:X	-99.215388899999994
1983	1.0335320557369272
1984	0.95814705871894512
1985	0.68193752277482267
1986	1.0459146392199423
1987	0.87074842312353673
1988	0.86616712004575447
1989	1.1497039445450330
1990	0.53680745174026978
1991	0.99399968298434538
1992	0.70136315805874472
1993	0.91598649287818945
1994	0.76940767357324225
1995	1.0285534423119411
1996	1.0851716361395105
1997	1.0001137229074422
1998	0.90781905011737285
1999	1.1113944955286374
2000	0.62004612592899944
2001	0.99196434548491308
2002	1.0345899292457923
2003	0.65288149297278186
2004	1.1515701035198331
2005	1.0314840613650889
2006	1.0511099486650690
2007	1.1027056097468653
2008	1.0739273114280763
2009	0.58718009855669395
2010	0.75000317165405050
cpt:field=undefined_relodds_A, cpt:nrow=28, cpt:ncol=1, cpt:row=T, cpt:col=station, cpt:missing=-999.00000000000000               
	05.0
cpt:Y	32.932977780000002
cpt:X	-99.215388899999994
1983	1.2488433591860133
1984	0.43580498942516982
1985	3.4954909375607772
1986	0.51727089443837593
1987	2.4222064890404265
1988	0.35774236362784451
1989	0.63866698655615273
1990	4.8669563018005819
1991	0.44455692571757238
1992	3.4721924152933825
1993	2.2515336192993476
1994	0.25954370357451351
1995	0.43225873300699141
1996	0.84221061429091348
1997	1.9046050740483003
1998	0.33345195872483541
1999	1.2576334755215639
2000	0.22567783671304184
2001	0.43639870459342628
2002	1.5655544463979174
2003	0.19839668427170079
2004	0.91248105485110553
2005	0.47863992342309886
2006	0.51969123569158870
2007	1.5270707730942934
2008	1.4325025532306972
2009	0.16805842824060033
2010	2.9163383289636378
