xmlns:cpt=http://iri.columbia.edu/CPT/v10/
cpt:nfields=2
cpt:field=undefined, cpt:climit=lower (95.%), cpt:nrow=28, cpt:ncol=1, cpt:row=T, cpt:col=station, cpt:units=none, cpt:missing=-999.00000000000000               
	01.0
cpt:Y	32.932977780000002
cpt:X	-99.215388899999994
1983	2.9016633693433853
1984	2.6131981061182783
1985	3.0236776634680718
1986	2.1172253655878119
1987	4.2305352342926135
1988	3.5285299635287717
1989	2.2634168397836882
1990	1.4879529617792395
1991	2.8247749552606507
1992	4.9392873529224044
1993	3.0964054210892487
1994	2.6350812933162535
1995	2.3718504627830139
1996	2.0707300810136307
1997	2.8223956492308693
1998	2.5536490580224704
1999	1.4293536011633969
2000	0.97384922500668591
2001	2.1806202255712757
2002	1.8265215647488389
2003	2.2371053181560758
2004	0.59929291697294640
2005	2.8914027301978731
2006	1.6322611417719870
2007	1.5054226980801231
2008	2.5899823359017229
2009	1.4564141076142068
2010	1.7903073121474755
cpt:field=undefined, cpt:climit=upper (95.%), cpt:nrow=28, cpt:ncol=1, cpt:row=T, cpt:col=station, cpt:units=none, cpt:missing=-999.00000000000000               
	01.0
cpt:Y	32.932977780000002
cpt:X	-99.215388899999994
1983	5.6043673838186567
1984	5.3296879116193701
1985	5.7388340810422909
1986	4.7086642541205235
1987	6.9670222499670622
1988	6.1800350575978715
1989	4.8722887107916826
1990	4.3202719436038528
1991	5.4077088628690966
1992	7.8769024943699417
1993	5.6833281586693127
1994	5.2547834344262796
1995	4.9320822863733254
1996	4.7483299490372026
1997	5.4898611143084439
1998	5.1144446831267816
1999	4.0907050452364562
2000	3.6757484904466287
2001	5.0444180881684373
2002	4.5135594418967795
2003	4.8210971074422382
2004	3.4178510542824414
2005	5.5876747249229481
2006	4.2775648308632537
2007	4.3487615365349974
2008	5.1947203862889673
2009	4.0714108730241323
2010	4.3860688902781355
