xmlns:cpt=http://iri.columbia.edu/CPT/v10/
cpt:nfields=1
cpt:field=Predictor_scores, cpt:nrow=28, cpt:ncol=4, cpt:row=T, cpt:col=index 
	1	2	3	4
1983	-4.0882542970014031	0.38439310950392847	-0.65074832822404005	0.38686459291302638
1984	1.2065075128849341	1.2279557835261785	-1.8242376826824507	-0.28695716187230491
1985	-3.3338112790140437	-0.30395995424957173	1.3847049513700538	0.51516007977734224
1986	-1.0082221732352328	0.47753249080768179	-0.88928513725752056	-4.3189461999447089E-003
1987	0.45827598090184979	1.6317709066962642	0.16454656882415597	0.51854772816079697
1988	-1.5321984015440784E-002	0.25453802487871979	-0.49357914999312102	-0.69456582803413736
1989	0.63487531824311905	-0.93815690809480112	0.15622804837686952	0.20728928809358729
1990	2.1200233607339376	1.2721342526792956	1.7297504331481626	-0.53225368732504963
1991	2.2892280514524419	-1.5434330011937161	9.0457073822384326E-002	-0.45377444092872538
1992	-4.0175083787065793	0.89099612543287021	1.1373359092024371	0.11524562674353145
1993	-4.4089928999274610	1.2747912539391375	5.8178071156525783E-002	-0.20347999725087579
1994	-5.0036955100688738	-2.9845422347961335	0.14419604396593211	3.9530951782909531E-002
1995	-2.7490631177877609	-2.0005293942717728	0.12380569499552585	0.43218973986998999
1996	5.4241855473200138	0.40385267311437628	-0.28320923185977331	-0.19544968272999377
1997	-5.3569802409599276	1.5061592253892280	0.10185939370380925	-0.67951519997358512
1998	3.4996767082836557	-2.3457922979084422	0.15453495156258745	0.72263095238316077
1999	-2.1995365130504063	-1.2698245983285237	0.78109751965822760	1.9565942010302040E-002
2000	2.7735054055322736	-1.6412734219515921	-0.50162282096479816	-0.47171265208059987
2001	-3.1410924905743554	-0.50523345664230368	-0.46369213009827703	-1.1328480239178249
2002	1.0788880742532234	1.8261232950414590	0.32096252845733808	0.29422324458912963
2003	1.2125110061393944	0.65243312786206842	-1.7644320341565276	0.63418045024306002
2004	5.5677679952228925	0.24840190054985864	0.33262027226777807	-0.15197926629994296
2005	0.50796580610851971	-0.52879107933440195	-0.72766897268899922	-0.14274980497875539
2006	3.0074456227686759	0.19449596808653308	-0.60153067816016215	0.18042623907493893
2007	-1.0114743013379859	1.7580278668715870	-0.10831298696233160	0.75242407094560027
2008	4.3798612736909552	-0.26706591249472234	1.3162557070450203	-0.29994580727477277
2009	-0.18162749704367348	-0.39201340392435302	-1.4967362852294164	0.23147993218587182
2010	2.3548630191866797	0.71700965881163192	1.8085222707203945	0.19979166009311836
