xmlns:cpt=http://iri.columbia.edu/CPT/v10/
cpt:nfields=2
cpt:field=undefined, cpt:climit=lower (95.%), cpt:nrow=28, cpt:ncol=1, cpt:row=T, cpt:col=station, cpt:units=none, cpt:missing=-999.00000000000000               
	03.0
cpt:Y	32.932977780000002
cpt:X	-99.215388899999994
1983	2.6089463877847652
1984	1.4262594933936406
1985	3.4218277054318751
1986	1.5768067036130979
1987	3.1769806932081646
1988	1.8577323882221637
1989	2.5219215050494026
1990	1.9408822580323473
1991	2.0085487713788108
1992	4.3967313266995927
1993	2.4863312256156775
1994	2.7761622381743396
1995	1.2532693857442605
1996	1.5917314689626396
1997	3.2409379518208072
1998	2.2516762348011237
1999	1.6619305029184659
2000	0.53007968721826293
2001	3.0299729589816913
2002	1.8269719554250208
2003	1.6057059063705896
2004	1.4857569294432365
2005	2.1337272085681485
2006	1.4373947000640506
2007	1.0255733245453666
2008	2.0745650210514111
2009	1.1647645232750112
2010	3.0008626156845009
cpt:field=undefined, cpt:climit=upper (95.%), cpt:nrow=28, cpt:ncol=1, cpt:row=T, cpt:col=station, cpt:units=none, cpt:missing=-999.00000000000000               
	03.0
cpt:Y	32.932977780000002
cpt:X	-99.215388899999994
1983	6.9536751862121129
1984	5.5840933246380953
1985	7.7761356342814487
1986	5.6953338741777868
1987	7.6295456800711037
1988	6.0067703424830530
1989	6.6810561975525342
1990	6.2120976094064080
1991	6.3470923467400375
1992	9.3563338562106537
1993	6.5995432015008166
1994	6.8824196975211525
1995	5.7461197171869394
1996	5.7386900875795241
1997	7.3485727586074656
1998	6.4590988503031692
1999	5.7634678953868770
2000	5.1030715977600938
2001	7.1097108106123557
2002	5.9470121155675582
2003	5.7242580650616066
2004	5.6893966013493360
2005	6.2487064187037262
2006	5.8174782409903756
2007	5.2209375878388204
2008	6.3686367522537992
2009	5.5348897066670979
2010	7.0833647718574291
