xmlns:cpt=http://iri.columbia.edu/CPT/v10/
cpt:nfields=3
cpt:field=undefined_prob_B, cpt:nrow=28, cpt:ncol=1, cpt:row=T, cpt:col=station, cpt:units=%, cpt:missing=-999.00000000000000               
	06.0
cpt:Y	32.932977780000002
cpt:X	-99.215388899999994
1983	37.201330875218332
1984	64.625026272236425
1985	29.068333418903734
1986	51.422724614720437
1987	21.909638048426871
1988	48.428668119984252
1989	48.391536105905729
1990	21.621039411682204
1991	30.745527004498214
1992	30.022488464594502
1993	33.373628655730840
1994	29.178612147842031
1995	49.151889872176177
1996	56.102041049241571
1997	29.833682133539114
1998	62.604024757852002
1999	48.300759300368590
2000	72.164954072050620
2001	41.263271820621704
2002	36.802211559429502
2003	64.189377658733861
2004	50.841804001100421
2005	48.964042248710562
2006	33.424207205181219
2007	22.762867422015447
2008	37.281654214614271
2009	53.355458292700263
2010	41.623291811074481
cpt:field=undefined_prob_N, cpt:nrow=28, cpt:ncol=1, cpt:row=T, cpt:col=station, cpt:units=%, cpt:missing=-999.00000000000000               
	06.0
cpt:Y	32.932977780000002
cpt:X	-99.215388899999994
1983	21.726665821281422
1984	16.574629476740746
1985	20.412328793290555
1986	21.329414727697472
1987	18.725034764438789
1988	22.130878074116374
1989	21.825800478224153
1990	18.817573774937038
1991	22.047644464491974
1992	21.214169792528345
1993	21.817987279961130
1994	21.058031917289519
1995	22.220592130939242
1996	20.487509416843540
1997	21.792977586767151
1998	17.637570918237330
1999	21.415694331142880
2000	14.643289358172590
2001	23.019607360805892
2002	22.906388512657365
2003	17.812956339469117
2004	21.385865649895486
2005	22.049642061888061
2006	21.863089001852906
2007	19.404888413823294
2008	22.129532824166397
2009	20.897085086493256
2010	22.440379611122481
cpt:field=undefined_prob_A, cpt:nrow=28, cpt:ncol=1, cpt:row=T, cpt:col=station, cpt:units=%, cpt:missing=-999.00000000000000               
	06.0
cpt:Y	32.932977780000002
cpt:X	-99.215388899999994
1983	41.072003303500246
1984	18.800344251022828
1985	50.519337787805711
1986	27.247860657582091
1987	59.365327187134341
1988	29.440453805899374
1989	29.782663415870118
1990	59.561386813380757
1991	47.206828531009812
1992	48.763341742877152
1993	44.808384064308029
1994	49.763355934868450
1995	28.627517996884581
1996	23.410449533914889
1997	48.373340279693736
1998	19.758404323910668
1999	30.283546368488530
2000	13.191756569776791
2001	35.717120818572404
2002	40.291399927913133
2003	17.997666001797022
2004	27.772330349004093
2005	28.986315689401376
2006	44.712703792965875
2007	57.832244164161260
2008	40.588812961219332
2009	25.747456620806481
2010	35.936328577803039
