xmlns:cpt=http://iri.columbia.edu/CPT/v10/
cpt:nfields=1
cpt:field=X_loadings, cpt:nrow=9, cpt:ncol=4, cpt:row=station, cpt:col=mode 
Station	Latitude	Longitude	1	2	3	4
PRATE_1	33.543170000000003	-99.375339999999994	0.33772984192800071	0.33833329887367081	-9.4512016992125053E-002	0.69714237888516184
PRATE_2	32.598300000000002	-99.375339999999994	0.36334774682458210	0.32194029726004231	-0.12024945824814831	0.18289028256193418
PRATE_3	33.543170000000003	-98.437839999999994	0.20197422144900057	0.47236286550565376	-0.12353030857722348	-0.17164763498417671
PRATE_4	32.598300000000002	-98.437839999999994	0.20574130529700257	0.45766840203638559	-0.14786000587580150	-0.64874418975606329
TMP_1	33.543170000000003	-99.375339999999994	0.40340546423430840	-0.27920653403659951	1.2399299563294976E-002	-0.11833962721488780
TMP_2	32.598300000000002	-99.375339999999994	0.39828831151828764	-0.28717086648025325	-1.6339407971085067E-002	-6.9439339170833239E-002
TMP_3	33.543170000000003	-98.437839999999994	0.41071181662590794	-0.26422445785092175	3.2172880042516887E-002	-9.5819651642897505E-002
TMP_4	32.598300000000002	-98.437839999999994	0.40928597622596508	-0.26905657920585591	1.9342755159257066E-002	-3.9163189320253561E-002
04.0	32.932977780000002	-99.215388899999994	0.11500062432857096	0.21602911562519322	0.96832601570465071	-2.5893310647741197E-002
