xmlns:cpt=http://iri.columbia.edu/CPT/v10/
cpt:nfields=1
cpt:field=X_scores, cpt:nrow=28, cpt:ncol=4, cpt:row=T, cpt:col=index 
	1	2	3	4
1983	-5.5931361825179415	-0.53085417932484791	-0.47584831400242616	-0.29444670716619520
1984	1.9207213704525221	-1.1060983802122284	-4.0143506426350797E-002	-0.32560928411858436
1985	-1.0427590837747578	-3.3477250962942073	0.92120072292506161	0.60557914978551974
1986	-1.9721879007839539E-002	-1.1780670864293339	-0.55256910499816103	-0.38241100701077585
1987	-2.4962028613326863	-0.19241871088208964	1.4582136508523174	0.24540304868729351
1988	-5.0162047763627982	-1.6074515007204713	-0.60948709220966035	0.41424668088874117
1989	3.9257561988745118	1.1033592199771121	0.26606138259121442	1.1042869830606381
1990	-2.9317106376118232	4.7791364413564477	-0.10370706201216857	0.71115403874420635
1991	-0.70674846840104522	0.72815557493076899	1.1602201227418385	-0.14451614858452136
1992	-2.4789288078528924	-0.48173889347057058	2.3486371084130537	-0.25163522121402199
1993	-1.6376722342385712	-0.75239673521220973	0.25429916459832408	-1.2058064127942719E-002
1994	-1.7583232616286097	-1.0435318630061703	-0.23114552710256114	0.87356208402212854
1995	2.0646494559702027	-1.9258265091897313	0.16362928133750118	-0.73092756668466929
1996	-0.19204421779015196	-1.5619427595149522	-0.46393216205787846	0.42232168572093154
1997	-0.52307088225181519	-0.25661662655435913	-0.26973874704252976	0.59088716972156607
1998	-2.0385574305923218	0.96490224513577527	-0.29408749445870225	-0.11198214515726956
1999	2.9029439540511333	-1.0116722890154575	-0.68787725129125998	-8.7148979202154614E-002
2000	6.0534607178906770	0.90839237531344097	-9.2121439938442642E-002	5.2638999220869134E-002
2001	0.88181446791689000	1.4813057832326266	-0.38921478745437554	0.45528456080607632
2002	0.31382710868623404	-0.95550357320863422	-0.70671712664260211	-0.39532826409407540
2003	-1.9219208967378882	1.6514084164564795	-0.81562669877713090	-0.83655672721674612
2004	-0.58928132917028719	-1.6283911073879547	-2.1959241966131078	-0.24184667962815842
2005	0.89857420436936120	0.80785560616509577	0.72755121553617508	-0.51563711638211684
2006	2.6643912120984505	2.0251808681771419	-5.9177390293038604E-002	-0.35293545063781473
2007	-7.4114113988595895E-002	0.78051902332891809	-1.0042378419124887	0.12009407465299843
2008	6.7083685326674898	-2.6554123428733578	0.76107165929556897	4.0737011696905967E-002
2009	3.1090840517362057	3.8074780345452832	-1.4258804404876384E-002	-0.13731971282054567
2010	-2.4231942114543301	1.1979540646767195	0.94493023934635034	-0.81583641296200149
