xmlns:cpt=http://iri.columbia.edu/CPT/v10/
cpt:nfields=1
cpt:field=Predictor_scores, cpt:nrow=28, cpt:ncol=4, cpt:row=T, cpt:col=index 
	1	2	3	4
1983	-3.6543229830791986	-2.2416616524241260	-0.60345414587581625	-0.38280877938831925
1984	-1.7817602676597222	-1.7940256292612742	-1.2728030433857618	8.8791962642588845E-002
1985	-1.3439996050462411	-1.4382883906688391	0.91813236070344650	-3.6500468912861614E-002
1986	4.5634234565573415	-2.1334464951007601	2.6405702142984655E-002	-8.9942708533629706E-002
1987	-6.7240503806314580	1.2612731153300638	0.67713063405533158	0.20113195713076421
1988	0.25264025788618183	-0.77321836974704106	-0.20245383298953623	-0.32602975424671465
1989	2.7787167814057776	0.33506717006437337	0.98939830365646875	0.24232074824477648
1990	-2.3624676343311792	1.2359405976306175	-0.92775722506536984	-0.35051655507705237
1991	1.8289959313488873	0.31594353814619092	0.73214314376241907	-0.44133798363381160
1992	-2.4019815669365387	-2.0862953514566294	2.3571389309166229	0.38952440941732358
1993	-4.5970532882881603	2.5562753845097115	-0.31242557990044573	5.3172237899385549E-002
1994	2.7768197752729442	-0.29632664019160515	1.2530912288928235	0.40456619880991435
1995	1.8152136792673152	2.7762495584679145	0.39309680230220412	0.22485344397398854
1996	-7.8675193120057732E-002	-4.7658078844902567	-1.1352927240531900	0.37988272772408449
1997	-2.0885378225310509	0.29569678480444739	0.92919806940826277	-1.2892258021944498
1998	-0.93834065105403985	-3.1184522365277543	-0.93100173096369232	0.38010245692277611
1999	-1.5949190155330295	0.44528929360163783	-0.88146115416628135	0.24995830333154709
2000	1.9346134503238250	2.2298221698453298	-0.91573654393322224	0.69947222569742751
2001	-1.8126509407565381	-5.8500678596198452E-002	0.50304217939925000	-0.17750507933205414
2002	-0.13823751409144674	1.7149508465133791	-0.54974141156866196	-0.14648386690198911
2003	5.1143031275036241	-1.6145367322023896	-8.3345689874305365E-002	-0.11779173657315224
2004	2.4798041064507483	1.9768808642721583	-0.17720505593804836	-0.33432634471072942
2005	-5.4640656155846443E-002	-0.88168048257629983	0.13859823726915538	0.36434675150287488
2006	0.62970636453396422	-0.15663650808492671	-0.90917312806729322	-2.9835476752151677E-002
2007	0.72288118231734955	5.6764046309589462	-0.25874020386195962	0.62480361943467588
2008	2.9003496476376753	-0.56120703906255565	0.11160055613618408	-0.24156559265797176
2009	2.2623903375134873	1.5763265674470812	-0.52729559907904655	-0.92314720626225055
2010	-0.48822057880501363	-0.47603643120157874	0.65891092007749319	0.58409031244487619
