xmlns:cpt=http://iri.columbia.edu/CPT/v10/
cpt:nfields=1
cpt:field=X_loadings, cpt:nrow=9, cpt:ncol=4, cpt:row=station, cpt:col=mode 
Station	Latitude	Longitude	1	2	3	4
PRATE_1	33.543170000000003	-99.375339999999994	0.35392043346539792	0.32371924093993315	-0.11347412208930455	-0.17411675492175449
PRATE_2	32.598300000000002	-99.375339999999994	0.33384338169384564	0.38000187405396668	-8.0587729915118103E-002	-0.48306611638576852
PRATE_3	33.543170000000003	-98.437839999999994	0.35692793991617899	0.29615004628602343	-0.16984388282559743	0.46584887006535491
PRATE_4	32.598300000000002	-98.437839999999994	0.34320459975988132	0.35627765874594836	-0.11852875949550461	0.21398161878658839
TMP_1	33.543170000000003	-99.375339999999994	-0.35298572074558499	0.36161475519744679	3.0972517640254198E-002	1.5904342261488940E-002
TMP_2	32.598300000000002	-99.375339999999994	-0.35216790002091208	0.31149723856533607	-0.11281991604530699	0.52277785859721138
TMP_3	33.543170000000003	-98.437839999999994	-0.33264397642318422	0.38769766557110330	0.11642860689700540	-0.41733824340287606
TMP_4	32.598300000000002	-98.437839999999994	-0.34984773723589058	0.37168973095828872	1.0943970198684184E-002	-9.9105393461344782E-003
02.0	32.932977780000002	-99.215388899999994	0.19088050851413263	0.14109327384595954	0.95413322379489451	0.16033750090607998
