xmlns:cpt=http://iri.columbia.edu/CPT/v10/
cpt:nfields=1
cpt:field=eigenvalues, cpt:nrow=9, cpt:ncol=3, cpt:row=mode, cpt:col=index 
Mode	Eigenvalue	% variance	Cum. % variance
1	5.5642053498727053	61.824503887474485	61.824503887474485
2	2.1663349551860938	24.070388390956587	85.894892278431072
3	0.97005805924030997	10.778422880447884	96.673315158878950
4	0.13178993939558570	1.4643326599509516	98.137647818829919
5	8.8087037267969320E-002	0.97874485853299198	99.116392677362910
6	4.4625079855406563E-002	0.49583422061562832	99.612226897978530
7	1.7679074572507291E-002	0.19643416191674762	99.808661059895286
8	1.5696972163433267E-002	0.17441080181592511	99.983071861711196
9	1.5235324459918643E-003	1.6928138288798484E-002	100.00000000000000
