xmlns:cpt=http://iri.columbia.edu/CPT/v10/
cpt:nfields=1
cpt:field=X_scores, cpt:nrow=28, cpt:ncol=4, cpt:row=T, cpt:col=index 
	1	2	3	4
1983	-4.0498271738939389	0.60742486091537429	-0.78548618421213023	0.69966192857423648
1984	-1.8014390301364860	-2.0325686867056758	-2.1602810209113490	0.65589470001846761
1985	-5.5912007297475421	0.57054291170947580	0.47043261999572028	-0.56607833758004100
1986	-1.1953505483623590	-0.69811889570400409	-1.0877667394573538	1.2273313755739346
1987	-3.6660673996938109	1.7477209780174983	-0.12417915665742442	1.3600500036921321
1988	4.1315750016414698	-0.84405464056124779	0.46920678041206687	0.44901373314274506
1989	2.3460355584038584	0.50718625835184494	-0.11315076131033056	-1.0674715782038788
1990	-1.3993631451883839	0.90062045344097463	1.8546545332620732	0.36078421261488902
1991	1.7017137074595943	-0.66020548987339589	1.3617295051656237	0.29213479217864086
1992	-3.0952875625755270	1.4788200875972832	-1.3480667078585687E-002	-0.46625206319818768
1993	-2.5435403889698613	0.66962221869379857	-3.4061616566594670E-002	0.23313518201203492
1994	0.91310372659566807	0.66811140387046175	1.3966297622499546	0.32503009625680340
1995	-4.1564543400765860E-002	-1.4525349244857637	0.38155577491141301	-1.0263692935085817
1996	3.3344439328890885	-0.17051290583164014	-1.1042793586057360	4.8075367615642191E-002
1997	-4.2526722374238366	2.4061399939883588	-0.76370355450967597	-0.74741640524426289
1998	-3.4979403754335019	-3.7608083997439579	0.17878002169409926	-1.0544603009442450
1999	2.5678546205248098	2.1052095748176303	-0.85004947466363479	-0.26818910294536769
2000	5.2862013699551200	-0.70660244912418702	-1.2715054605657281	2.9239270491548133E-002
2001	-1.8568354095897821	-1.5437519607519747	0.52904668971471347	1.4816394049018986
2002	0.29678466157238925	-1.1086322469433172	0.48687842631611261	0.20517957927078384
2003	3.2051434163554142	0.19176603504226308	-0.97654272532113473	-0.32009012530669623
2004	0.80103929790675932	-0.43512394190745651	-0.19584999944713050	-0.31304715018734286
2005	-1.9873774069441663	-0.36065655299133093	-0.50846050859246184	-0.83333843440497235
2006	5.3740389393309362	2.4131521037707993	-2.5115938756393490E-002	0.44017594563512824
2007	0.59591550845501240	2.0481973692323274	0.88956092684323784	-0.63946854991626845
2008	2.1219150399959084	-0.14149117924381974	0.80678603850755126	0.59102030031921171
2009	0.67295206352912118	-0.34428002409957903	-5.5561303020248545E-002	-1.1873260622274739
2010	1.6297491067434022	-2.0551719514800242	1.2442133906029738	9.1141511368835040E-002
