xmlns:cpt=http://iri.columbia.edu/CPT/v10/
cpt:nfields=1
cpt:field=X_loadings, cpt:nrow=9, cpt:ncol=4, cpt:row=station, cpt:col=mode 
Station	Latitude	Longitude	1	2	3	4
PRATE_1	33.543170000000003	-99.375339999999994	-0.32948862584551997	0.39354633791419208	-8.4187243748094415E-002	-0.58227824328656863
PRATE_2	32.598300000000002	-99.375339999999994	-0.33778171271239099	0.38834075113753214	-0.12869643547071799	-0.32383371963155971
PRATE_3	33.543170000000003	-98.437839999999994	-0.34861199960658057	0.34410617786283393	-4.2635508128835403E-002	0.41955787146641133
PRATE_4	32.598300000000002	-98.437839999999994	-0.35148266297655673	0.30252973041195785	-1.8514737170054960E-002	0.58890082333480731
TMP_1	33.543170000000003	-99.375339999999994	0.35902664783168131	0.33207368176678270	3.3422307528716819E-002	0.15096336713838868
TMP_2	32.598300000000002	-99.375339999999994	0.35778474904462404	0.31748867897729699	1.1526243117789315E-002	4.4778910551876980E-002
TMP_3	33.543170000000003	-98.437839999999994	0.34599916641892597	0.36848257504328452	0.10194077602842817	-1.6837605366093550E-002
TMP_4	32.598300000000002	-98.437839999999994	0.34977089691534052	0.37053559720821089	9.7723598166552766E-002	-6.7043677597048032E-002
08.0	32.932977780000002	-99.215388899999994	-0.18249714342693979	1.5212270832982946E-002	0.97621587011505806	-6.0641021451504969E-002
