xmlns:cpt=http://iri.columbia.edu/CPT/v10/
cpt:nfields=2
cpt:field=undefined, cpt:climit=lower (95.%), cpt:nrow=28, cpt:ncol=1, cpt:row=T, cpt:col=station, cpt:units=none, cpt:missing=-999.00000000000000               
	06.0
cpt:Y	32.932977780000002
cpt:X	-99.215388899999994
1983	1.4574967490747559
1984	-1.0632715458907156
1985	1.6743414358296587
1986	0.48962033421872153
1987	2.1339509026482855
1988	0.31783340562763751
1989	0.14102370040071577
1990	1.7373025242518718
1991	1.7011272070811732
1992	0.92053293051317375
1993	1.0784687566912803
1994	1.5246683807260286
1995	0.89045496638281296
1996	-0.56244012784688957
1997	1.6831638606675607
1998	-0.74862225045431519
1999	0.63910486626103680
2000	-1.3265655895401607
2001	0.92565843040514295
2002	1.4124002965473981
2003	-0.11401701272257903
2004	0.21513513745136859
2005	0.90948722000608662
2006	1.1726539161940313
2007	2.5236614060260374
2008	-7.9218732065291064E-002
2009	0.79373219679038431
2010	0.55560568605691518
cpt:field=undefined, cpt:climit=upper (95.%), cpt:nrow=28, cpt:ncol=1, cpt:row=T, cpt:col=station, cpt:units=none, cpt:missing=-999.00000000000000               
	06.0
cpt:Y	32.932977780000002
cpt:X	-99.215388899999994
1983	9.8448337001210007
1984	7.9270956189822765
1985	9.9941506045470252
1986	8.7346634447800184
1987	10.796765084070151
1988	9.0160164467128574
1989	8.7648522706823364
1990	10.932658506542390
1991	10.372581575204515
1992	10.758749573463250
1993	9.6498708894305345
1994	9.9835082915349265
1995	9.4676883622142398
1996	8.0982601619221466
1997	10.481072603226794
1998	7.8862794747849660
1999	8.8758027175248273
2000	7.7052373593010444
2001	9.4047812893807290
2002	9.5483157740665909
2003	8.4335347378866548
2004	8.6326911348975131
2005	9.1172320740194870
2006	9.6038652321479852
2007	11.282604635306910
2008	8.9830986772978765
2009	9.3623330540222724
2010	8.8970898545967749
