xmlns:cpt=http://iri.columbia.edu/CPT/v10/
cpt:nfields=1
cpt:field=eigenvalues, cpt:nrow=9, cpt:ncol=3, cpt:row=mode, cpt:col=index 
Mode	Eigenvalue	% variance	Cum. % variance
1	5.9682582321092603	66.313980356769633	66.313980356769633
2	2.2473492226393170	24.970546918214662	91.284527274984285
3	0.72705053077246962	8.0783392308052271	99.362866505789526
4	2.9026978401095010E-002	0.32252198223438938	99.685388488023918
5	2.3972254124929388E-002	0.26635837916588240	99.951746867189811
6	3.6953049058770114E-003	4.1058943398633509E-002	99.992805810588436
7	4.3095548687231911E-004	4.7883942985813286E-003	99.997594204887008
8	2.1029501853591523E-004	2.3366113170657276E-003	99.999930816204085
9	6.2265416322718195E-006	6.9183795914131400E-005	100.00000000000000
