xmlns:cpt=http://iri.columbia.edu/CPT/v10/
cpt:nfields=1
cpt:field=X_loadings, cpt:nrow=9, cpt:ncol=4, cpt:row=station, cpt:col=mode 
Station	Latitude	Longitude	1	2	3	4
PRATE_1	33.543170000000003	-99.375339999999994	-0.35047858238032137	-0.10480051641123962	0.38252031837565581	-0.44919998053907578
PRATE_2	32.598300000000002	-99.375339999999994	-0.34956731205531599	-6.3656643216623468E-002	0.43467342431274347	-0.44389609739926661
PRATE_3	33.543170000000003	-98.437839999999994	-0.35388933387697302	-0.14833993276687268	0.23034888604433851	0.49710630993494564
PRATE_4	32.598300000000002	-98.437839999999994	-0.35323891575999272	-0.11505857804848973	0.29108346802247648	0.56148083289196682
TMP_1	33.543170000000003	-99.375339999999994	0.35641104930498291	-0.13670802274331756	0.28151500682579733	3.0181112459386469E-002
TMP_2	32.598300000000002	-99.375339999999994	0.35287491207695348	-0.13922646100252767	0.34158508599878384	0.16032439324133979
TMP_3	33.543170000000003	-98.437839999999994	0.35329387662210066	-0.16815062388185628	0.29282601254020557	-5.8173284364638589E-002
TMP_4	32.598300000000002	-98.437839999999994	0.35260844931708801	-0.15682572530526984	0.34917740691345606	2.5477239939490859E-002
06.0	32.932977780000002	-99.215388899999994	6.5216899400751954E-002	0.92670353411619799	0.35120367367701755	9.0289488474605870E-002
