xmlns:cpt=http://iri.columbia.edu/CPT/v10/
cpt:nfields=1
cpt:field=X_loadings, cpt:nrow=9, cpt:ncol=4, cpt:row=station, cpt:col=mode 
Station	Latitude	Longitude	1	2	3	4
PRATE_1	33.543170000000003	-99.375339999999994	-0.34207495137195043	0.35129263639663993	6.1132581878736977E-002	-0.57999869960456296
PRATE_2	32.598300000000002	-99.375339999999994	-0.35399916541667020	0.33017797769559870	-2.6169930199965108E-002	-0.40027413203194628
PRATE_3	33.543170000000003	-98.437839999999994	-0.29941763910711439	0.43897666756988951	-7.0131333022533555E-003	0.29859711632292141
PRATE_4	32.598300000000002	-98.437839999999994	-0.32334245955443924	0.37751664212880026	-0.13506799483048845	0.62974100608920480
TMP_1	33.543170000000003	-99.375339999999994	0.36409637603604939	0.32768517431238947	9.6063798434929806E-002	8.1645011199782958E-003
TMP_2	32.598300000000002	-99.375339999999994	0.36353073565960858	0.33099917909629051	8.4716756782847874E-002	-1.2878638002853951E-002
TMP_3	33.543170000000003	-98.437839999999994	0.36713361647179077	0.32023653679086761	9.9032402666609273E-002	-1.9775092905101169E-002
TMP_4	32.598300000000002	-98.437839999999994	0.36502517879664542	0.32563371004775510	9.2836263662397459E-002	-4.5707532683081711E-002
09.0	32.932977780000002	-99.215388899999994	-0.17526211643708431	-8.2643053316894838E-002	0.97080081584311440	0.12221048980244070
