xmlns:cpt=http://iri.columbia.edu/CPT/v10/
cpt:nfields=3
cpt:field=undefined_relodds_B, cpt:nrow=28, cpt:ncol=1, cpt:row=T, cpt:col=station, cpt:missing=-999.00000000000000               
	09.0
cpt:Y	32.932977780000002
cpt:X	-99.215388899999994
1983	1.6164599850054586
1984	1.0070607512234699
1985	1.4408936704344959
1986	1.0717117393122728
1987	1.2349261299685579
1988	2.4481831881501539
1989	4.3089680533215091
1990	0.55295034782601671
1991	0.49143555174792253
1992	1.7246632193137210
1993	2.6119746833421358
1994	2.9745952059441936
1995	0.77750420265206632
1996	2.3945825327843329
1997	0.86689046338098841
1998	31.689492499932356
1999	18.932065040527132
2000	32.737547560717331
2001	10.142743361528174
2002	2.2458332547943765
2003	2.9094478231424183
2004	0.72393233922445344
2005	0.76659771926547504
2006	15.380703266221820
2007	1.0149049614915695
2008	1.2319638162684079
2009	0.80811703107975663
2010	1.5006322725799153
cpt:field=undefined_relodds_N, cpt:nrow=28, cpt:ncol=1, cpt:row=T, cpt:col=station, cpt:missing=-999.00000000000000               
	09.0
cpt:Y	32.932977780000002
cpt:X	-99.215388899999994
1983	0.45984429295512369
1984	0.43390897160541614
1985	0.44740408668326631
1986	0.40838268422894680
1987	0.44373717375631921
1988	0.39919634576628660
1989	0.32107993671615820
1990	0.36010592063092378
1991	0.34128031519291868
1992	0.41273205513324751
1993	0.40551601517890462
1994	0.39371054492151381
1995	0.39194004433052121
1996	0.38003570385517171
1997	0.42400949646990616
1998	6.8886200751685930E-002
1999	0.11038874998404383
2000	6.8022893894373257E-002
2001	0.17633406584662542
2002	0.42994645433208467
2003	0.38334550918415222
2004	0.39899479765637930
2005	0.39304658191214992
2006	0.13200183383866046
2007	0.40756323995185684
2008	0.44892625428242811
2009	0.39518817858033445
2010	0.44048560728740788
cpt:field=undefined_relodds_A, cpt:nrow=28, cpt:ncol=1, cpt:row=T, cpt:col=station, cpt:missing=-999.00000000000000               
	09.0
cpt:Y	32.932977780000002
cpt:X	-99.215388899999994
1983	1.1550050279184101
1984	1.8973038105135034
1985	1.3246711280433288
1986	1.8575452722603667
1987	1.5503216366412635
1988	0.79031187339066244
1989	0.43509534216073664
1990	3.4175130703216361
1991	3.8306234971660218
1992	1.1540622623358285
1993	0.72137044687429774
1994	0.62317674877100238
1995	2.5066591437680232
1996	0.83860807814942762
1997	2.1902300080701242
1998	5.3534446768711476E-002
1999	9.0388141332728072E-002
2000	5.0612963203385632E-002
2001	0.18265311918923183
2002	0.83331653379743886
2003	0.65440100256081779
2004	2.6287203453736643
2005	2.5316978734878446
2006	0.11227957132030512
2007	1.9532432993277355
2008	1.5429788485776306
2009	2.4172390583220622
2010	1.2831794558674801
