xmlns:cpt=http://iri.columbia.edu/CPT/v10/
cpt:nfields=3
cpt:field=undefined_prob_B, cpt:nrow=28, cpt:ncol=1, cpt:row=T, cpt:col=station, cpt:units=%, cpt:missing=-999.00000000000000               
	02.0
cpt:Y	32.932977780000002
cpt:X	-99.215388899999994
1983	6.5887588167258286
1984	26.442858593160125
1985	0.52140517675105968
1986	32.909031900141812
1987	0.21803430092184328
1988	7.4625277694896255
1989	45.593480647170928
1990	35.771586146197350
1991	1.5676072551674025
1992	2.7041886594716402E-002
1993	4.8419228638175440
1994	11.976637821660930
1995	15.991423538143010
1996	25.344964787465599
1997	23.690929198200436
1998	22.434556629502268
1999	65.211089971858314
2000	75.977800720118864
2001	54.029685959975623
2002	44.650538714733869
2003	51.753236754334978
2004	88.738476336325434
2005	8.4656694789976257
2006	57.724948323549206
2007	69.010684515002509
2008	21.627575085632344
2009	71.303838556104267
2010	1.5568036585639931
cpt:field=undefined_prob_N, cpt:nrow=28, cpt:ncol=1, cpt:row=T, cpt:col=station, cpt:units=%, cpt:missing=-999.00000000000000               
	02.0
cpt:Y	32.932977780000002
cpt:X	-99.215388899999994
1983	34.512403685774593
1984	51.019187418801081
1985	7.3675410462023194
1986	49.696980584581858
1987	3.9807781418838886
1988	36.224320977392672
1989	43.409054553184959
1990	45.094137666261020
1991	17.079344449905349
1992	0.55720015113085708
1993	32.876608218429034
1994	45.890463030474670
1995	48.256434404808232
1996	50.931684058561785
1997	51.601978223943775
1998	50.950281631198379
1999	30.362563411636255
2000	21.392497101747384
2001	38.693632469050549
2002	44.477942338123036
2003	39.811063322911082
2004	10.319326760946463
2005	40.922505603999483
2006	35.829411778325294
2007	27.458858790468529
2008	45.764860979870932
2009	25.030576804894718
2010	16.819336814233210
cpt:field=undefined_prob_A, cpt:nrow=28, cpt:ncol=1, cpt:row=T, cpt:col=station, cpt:units=%, cpt:missing=-999.00000000000000               
	02.0
cpt:Y	32.932977780000002
cpt:X	-99.215388899999994
1983	58.898837497499578
1984	22.537953988038790
1985	92.111053777046621
1986	17.393987515276329
1987	95.801187557194268
1988	56.313151253117702
1989	10.997464799644112
1990	19.134276187541627
1991	81.353048294927248
1992	99.415757962274427
1993	62.281468917753422
1994	42.132899147864400
1995	35.752142057048758
1996	23.723351153972612
1997	24.707092577855793
1998	26.615161739299349
1999	4.4263466165054224
2000	2.6297021781337477
2001	7.2766815709738264
2002	10.871518947143093
2003	8.4356999227539387
2004	0.94219690272810586
2005	50.611824917002892
2006	6.4456398981254974
2007	3.5304566945289646
2008	32.607563934496724
2009	3.6655846390010183
2010	81.623859527202796
