xmlns:cpt=http://iri.columbia.edu/CPT/v10/
cpt:nfields=1
cpt:field=eigenvalues, cpt:nrow=9, cpt:ncol=3, cpt:row=mode, cpt:col=index 
Mode	Eigenvalue	% variance	Cum. % variance
1	5.9995762918383413	66.661958798203798	66.661958798203798
2	2.1769092276881108	24.187880307645681	90.849839105849483
3	0.50064869682400959	5.5627632980445521	96.412602403894041
4	0.14455934164752879	1.6062149071947647	98.018817311088810
5	8.2153544927320687E-002	0.91281716585911887	98.931634476947920
6	4.8553839519579381E-002	0.53948710577310433	99.471121582721025
7	3.3278687911947817E-002	0.36976319902164251	99.840884781742659
8	1.2307680134237902E-002	0.13675200149153227	99.977636783234203
9	2.0126895089224526E-003	2.2363216765805032E-002	100.00000000000000
