xmlns:cpt=http://iri.columbia.edu/CPT/v10/
cpt:nfields=3
cpt:field=undefined_relodds_B, cpt:nrow=28, cpt:ncol=1, cpt:row=T, cpt:col=station, cpt:missing=-999.00000000000000               
	09.0
cpt:Y	32.932977780000002
cpt:X	-99.215388899999994
1983	1.4809277916898911
1984	1.6359274359610489
1985	1.5590595239227325
1986	1.6312746479468758
1987	1.8073232956599043
1988	1.8921635565318478
1989	3.5740480385912390
1990	0.83492934667457686
1991	0.57992896193505894
1992	0.94964798537364903
1993	1.3825981107039154
1994	2.6183884417288383
1995	0.77675183568964323
1996	1.6132643479724331
1997	1.1551752418218069
1998	23.486764582421014
1999	23.615768587784270
2000	27.031869795280269
2001	19.225725171162789
2002	1.7537707910754397
2003	3.0879171638388132
2004	0.98952238930736247
2005	0.57194058089801347
2006	24.242778320786563
2007	0.48010340926560696
2008	1.4140286283775487
2009	1.1940174805241592
2010	1.7353070149203038
cpt:field=undefined_relodds_N, cpt:nrow=28, cpt:ncol=1, cpt:row=T, cpt:col=station, cpt:missing=-999.00000000000000               
	09.0
cpt:Y	32.932977780000002
cpt:X	-99.215388899999994
1983	0.47106592483644055
1984	0.46969309325951575
1985	0.45736911198623814
1986	0.47008850885293663
1987	0.45495049960756972
1988	0.44438229953199843
1989	0.37554255422572158
1990	0.41750413570455691
1991	0.34595448165746945
1992	0.42291989217353454
1993	0.44819303610592442
1994	0.42927827954803499
1995	0.40423791228132178
1996	0.46994093687074773
1997	0.41325852983139066
1998	9.4337885525392878E-002
1999	9.4495521119635065E-002
2000	8.3237814936266974E-002
2001	0.11295379901135447
2002	0.46604628691225031
2003	0.38523872133688963
2004	0.45406409762592120
2005	0.38782053683350692
2006	9.0652298244346313E-002
2007	0.32458615602132534
2008	0.47021296757052189
2009	0.46370068623513477
2010	0.44000678949152849
cpt:field=undefined_relodds_A, cpt:nrow=28, cpt:ncol=1, cpt:row=T, cpt:col=station, cpt:missing=-999.00000000000000               
	09.0
cpt:Y	32.932977780000002
cpt:X	-99.215388899999994
1983	1.2463673724560786
1984	1.1244298171195599
1985	1.2042283154463918
1986	1.1272397555452256
1987	1.0302287033247080
1988	0.99426137754112631
1989	0.50224763118549243
1990	2.2806796211017564
1991	3.3726843579817505
1992	2.0281757266341964
1993	1.3794660624891200
1994	0.68940569561579779
1995	2.4655860395185414
1996	1.1409603210876664
1997	1.7218593683425818
1998	6.9167830671369168E-002
1999	6.8168451558979104E-002
2000	5.9591875208294634E-002
2001	8.5000279004745716E-002
2002	1.0479087074014806
2003	0.60273874376350789
2004	1.8758024164305949
2005	3.1975973946267144
2006	6.7932985217700151E-002
2007	4.0021520933156891
2008	1.3083276644430195
2009	1.5584502216693714
2010	1.1012611661073184
