xmlns:cpt=http://iri.columbia.edu/CPT/v10/
cpt:nfields=1
cpt:field=eigenvalues, cpt:nrow=9, cpt:ncol=3, cpt:row=mode, cpt:col=index 
Mode	Eigenvalue	% variance	Cum. % variance
1	5.9101183704193296	65.667981893548045	65.667981893548045
2	1.9708521213919050	21.898356904354479	87.566338797902517
3	0.75994569378394317	8.4438410420438039	96.010179839946318
4	0.27872313627846751	3.0969237364274136	99.107103576373731
5	4.9839007714103559E-002	0.55376675237892792	99.660870328752665
6	1.8563973757073599E-002	0.20626637507859535	99.867136703831250
7	8.3866055126654397E-003	9.3184505696282560E-002	99.960321209527535
8	3.3874945866444453E-003	3.7638828740493797E-002	99.997960038268019
9	1.8359655587744630E-004	2.0399617319716234E-003	100.00000000000000
