xmlns:cpt=http://iri.columbia.edu/CPT/v10/
cpt:nfields=1
cpt:field=X_loadings, cpt:nrow=9, cpt:ncol=4, cpt:row=station, cpt:col=mode 
Station	Latitude	Longitude	1	2	3	4
PRATE_1	33.543170000000003	-99.375339999999994	-0.28658576850359196	0.43593552882728681	-3.0741255012385997E-002	-0.62391975590560733
PRATE_2	32.598300000000002	-99.375339999999994	-0.36522541226862038	0.31879533643421759	-6.1402479729380080E-002	0.21626010732536105
PRATE_3	33.543170000000003	-98.437839999999994	-0.27531907897955460	0.45154146424266112	-4.7887804075643248E-002	-0.19664987262801367
PRATE_4	32.598300000000002	-98.437839999999994	-0.37267754452581076	0.29322224374038763	-8.4486941667462359E-002	0.69237991795548759
TMP_1	33.543170000000003	-99.375339999999994	0.36665197143496242	0.32633902028662332	6.7221184829438146E-002	4.7175027519345776E-002
TMP_2	32.598300000000002	-99.375339999999994	0.35805300338222606	0.34260071240435186	6.7810102166528941E-002	-2.8576626619550394E-002
TMP_3	33.543170000000003	-98.437839999999994	0.37870089421262521	0.29985371313179537	5.0569660072604612E-002	0.18728786897462693
TMP_4	32.598300000000002	-98.437839999999994	0.36827391026520312	0.32353664170678825	5.7641310422063441E-002	8.3593799709847080E-002
13.0	32.932977780000002	-99.215388899999994	-0.16767285538465476	3.9738127799077150E-004	0.98532061624584844	2.8067863336177126E-002
