xmlns:cpt=http://iri.columbia.edu/CPT/v10/
cpt:nfields=3
cpt:field=undefined_prob_B, cpt:nrow=28, cpt:ncol=1, cpt:row=T, cpt:col=station, cpt:units=%, cpt:missing=-999.00000000000000               
	14.0
cpt:Y	32.932977780000002
cpt:X	-99.215388899999994
1983	22.271168555058480
1984	0.49129449237071299
1985	42.656323437625723
1986	6.4938992989368671E-002
1987	8.8225029530178034
1988	32.377889572900713
1989	35.401688825190831
1990	0.99565666766508798
1991	4.2731023175122118E-003
1992	4.8583274996383636
1993	7.4064959529012526
1994	11.885778755830600
1995	27.887435475987914
1996	12.581771257914070
1997	18.569878497036271
1998	60.556608626794862
1999	75.127026652697253
2000	47.322173111542163
2001	61.519747668516750
2002	73.867965148218417
2003	91.755615431984467
2004	4.6546209639703449
2005	72.823329665701493
2006	72.139357663021130
2007	7.0124226314113542
2008	73.539549069611496
2009	0.74262255168609670
2010	33.810605652247276
cpt:field=undefined_prob_N, cpt:nrow=28, cpt:ncol=1, cpt:row=T, cpt:col=station, cpt:units=%, cpt:missing=-999.00000000000000               
	14.0
cpt:Y	32.932977780000002
cpt:X	-99.215388899999994
1983	52.172275268612225
1984	6.7873774339930719
1985	46.769883012224049
1986	1.6717305374565541
1987	41.134719169865470
1988	50.762648771660807
1989	50.602006076005438
1990	14.551306244694416
1991	0.11459882617248240
1992	35.056743602716786
1993	42.107085614054810
1994	48.625657289987643
1995	53.124291225297384
1996	49.504333240722623
1997	46.290486070191385
1998	34.413395449690611
1999	22.546921204900894
2000	44.008755775878186
2001	33.776963494815583
2002	23.714821690466309
2003	7.7570586650986701
2004	35.182169852903648
2005	24.746089030953176
2006	25.332911298319935
2007	39.133757845820917
2008	24.035608616928510
2009	10.524412020603407
2010	48.769653697531425
cpt:field=undefined_prob_A, cpt:nrow=28, cpt:ncol=1, cpt:row=T, cpt:col=station, cpt:units=%, cpt:missing=-999.00000000000000               
	14.0
cpt:Y	32.932977780000002
cpt:X	-99.215388899999994
1983	25.556556176329298
1984	92.721328073636215
1985	10.573793550150226
1986	98.263330469554077
1987	50.042777877116727
1988	16.859461655438484
1989	13.996305098803735
1990	84.453037087640496
1991	99.881128071510005
1992	60.084928897644851
1993	50.486418433043937
1994	39.488563954181757
1995	18.988273298714699
1996	37.913895501363307
1997	35.139635432772344
1998	5.0299959235145240
1999	2.3260521424018501
2000	8.6690711125796494
2001	4.7032888366676673
2002	2.4172131613152734
2003	0.48732590291686001
2004	60.163209183126007
2005	2.4305813033453392
2006	2.5277310386589367
2007	53.853819522767729
2008	2.4248423134599970
2009	88.732965427710496
2010	17.419740650221303
