xmlns:cpt=http://iri.columbia.edu/CPT/v10/
cpt:nfields=1
cpt:field=X_loadings, cpt:nrow=9, cpt:ncol=4, cpt:row=station, cpt:col=mode 
Station	Latitude	Longitude	1	2	3	4
PRATE_1	33.543170000000003	-99.375339999999994	0.34052653726396798	0.35605931824164527	-4.5085264203376718E-002	0.68536673643567847
PRATE_2	32.598300000000002	-99.375339999999994	0.36798234021741311	0.25052876472183727	-0.10970423410589430	0.28616668320709482
PRATE_3	33.543170000000003	-98.437839999999994	0.29246567002565060	0.49383445994307595	8.4102304958415947E-004	-0.30918522269472082
PRATE_4	32.598300000000002	-98.437839999999994	0.34254545327855229	0.35365554413976952	-6.3047530125803969E-002	-0.58617908861062051
TMP_1	33.543170000000003	-99.375339999999994	-0.35441214717627612	0.33718232189978059	8.9780684543465578E-002	-9.1254487654529176E-003
TMP_2	32.598300000000002	-99.375339999999994	-0.34751907962758999	0.36026199931599012	9.6713319600197439E-002	2.0589684034203484E-002
TMP_3	33.543170000000003	-98.437839999999994	-0.36461883499075487	0.29637652361947298	6.3616823415811638E-002	5.9376629693650457E-002
TMP_4	32.598300000000002	-98.437839999999994	-0.35681031197284652	0.32889278389109877	7.7183468776532871E-002	7.0024641815353228E-002
10.0	32.932977780000002	-99.215388899999994	0.19778560278818369	-4.4969420842344801E-002	0.97700469600567252	1.5601174111278149E-002
