xmlns:cpt=http://iri.columbia.edu/CPT/v10/
cpt:nfields=1
cpt:field=eigenvalues, cpt:nrow=9, cpt:ncol=3, cpt:row=mode, cpt:col=index 
Mode	Eigenvalue	% variance	Cum. % variance
1	5.9292353475277588	65.880392750308431	65.880392750308431
2	2.2354767209756954	24.838630233063284	90.719022983371730
3	0.70996900425545473	7.8885444917272753	98.607567475099003
4	7.5931502324407374E-002	0.84368335916008197	99.451250834259085
5	4.1754336134424516E-002	0.46393706816027236	99.915187902419348
6	5.5553161398756287E-003	6.1725734887506989E-002	99.976913637306865
7	1.6883545612096107E-003	1.8759495124551231E-002	99.995673132431421
8	3.7542145799829529E-004	4.1713495333143922E-003	99.999844481964757
9	1.3996623172046439E-005	1.5551803524496043E-004	100.00000000000000
