xmlns:cpt=http://iri.columbia.edu/CPT/v10/
cpt:nfields=1
cpt:field=Predictor_scores, cpt:nrow=28, cpt:ncol=4, cpt:row=T, cpt:col=index 
	1	2	3	4
1983	-0.93278900788753749	1.5746870467922482	-0.88367358122966300	-1.3782709533456869
1984	-1.4016418710731107	3.0042564884386067	0.19554478596573333	0.90618872261551942
1985	1.1457930342859755	2.3817754566022868	0.22239495686360775	0.73997777552184862
1986	-1.3216201967563832	-0.90516153954546896	0.71039267477396251	-0.12495091173688462
1987	0.13343503579455979	3.8350080554394403	0.75796814312130723	0.58180960246912106
1988	3.6760369449143808	0.26202231303479717	0.46573975236326748	-7.1003030496380126E-002
1989	0.66457749334346594	3.7188693045444352	0.59820287393778637	-0.74057479091756295
1990	1.5874026458888426	-2.3930112096575362	0.72470746116418394	0.29848644470658314
1991	5.7015540625436172	2.5887647814527708	0.52009729166466345	-7.5488423467558879E-002
1992	2.2312678331584119	-1.0071865677484335	0.29675134557295080	-0.32367673266983432
1993	-3.1556435254040363	-1.0284736819979059	0.48354382171781113	-5.1587386915418552E-002
1994	-1.8467821667744304	1.9352491706864277	0.69805390647836452	0.96740776533738349
1995	1.4452109761150094	-3.2187937353041640	0.36067372907262857	1.0781506363230636E-002
1996	0.23379619734069834	-0.12494449029624155	0.48910469067689921	-0.73929845806842698
1997	-4.1212397826297318	-2.3043012520607933	0.20011467233989175	5.1251240211993683E-002
1998	-0.21710773551552454	-0.12368105861067874	-2.4434012910790286	1.3665545841936715
1999	2.2750836302549855	-2.3539631628527427	-3.0228414860509729	6.2227829013373204E-002
2000	-2.1710071614956390	4.9244122078156503	-2.2366985067710554	-0.81561805993135683
2001	1.7457599134955448	0.27753648617897153	1.5674906985685202E-002	0.11972744459299653
2002	-5.7936599053340263	0.43385522653873326	0.50091197738833160	-0.56763845778981648
2003	1.8114987350540024	-2.6414902231094750	-0.44660877320752412	-0.28059552525473075
2004	0.83248812219527490	1.5681152877854156	0.28336051633279002	0.12176351981239233
2005	0.86157773653051573	-2.1137821274025348	0.25056059506697814	-0.18948589454164155
2006	-2.6596216491564921	-3.3395509748222096	-0.34537940362448921	0.14066336443927777
2007	2.1117890087530293	-2.0958414380733354	0.35056120094036325	-0.23793673247715191
2008	-0.25702891847151316	-1.4349875841323865	0.22187589251789910	-0.38597914691609803
2009	-3.3412886890493931	-1.0268024143260011	0.36956247485728688	0.46705704777513085
2010	0.76215923988053813	-0.39258036536918095	0.66280537216032187	0.14820765747607945
