xmlns:cpt=http://iri.columbia.edu/CPT/v10/
cpt:nfields=3
cpt:field=undefined_relodds_B, cpt:nrow=28, cpt:ncol=1, cpt:row=T, cpt:col=station, cpt:missing=-999.00000000000000               
	14.0
cpt:Y	32.932977780000002
cpt:X	-99.215388899999994
1983	0.57304781613415756
1984	9.8744022417974787E-003
1985	1.4877428862201141
1986	1.2996238224122459E-003
1987	0.19352369255069488
1988	0.95761251367197697
1989	1.0960561717919715
1990	2.0113393698787330E-002
1991	8.5465698387110888E-005
1992	0.10212827611638178
1993	0.15997873779881930
1994	0.26978116785285483
1995	0.77344178951627118
1996	0.28785234930928488
1997	0.45609359667695587
1998	3.0705579068448601
1999	6.0408561215265237
2000	1.7966638301847577
2001	3.1974711152439936
2002	5.6534414994700022
2003	22.258936291762076
2004	9.7637054066740073E-002
2005	5.3592532690734762
2006	5.1785853887065780
2007	0.15082493446679859
2008	5.5584501763169358
2009	1.4963573908124158E-002
2010	1.0216321205376291
cpt:field=undefined_relodds_N, cpt:nrow=28, cpt:ncol=1, cpt:row=T, cpt:col=station, cpt:missing=-999.00000000000000               
	14.0
cpt:Y	32.932977780000002
cpt:X	-99.215388899999994
1983	2.1816749829295872
1984	0.14563215253741721
1985	1.7572714718182652
1986	3.4003050121579885E-002
1987	1.3975884796487448
1988	2.0619569292464868
1989	2.0487474108244803
1990	0.34058580898428908
1991	2.2946061151159769E-003
1992	1.0796115115680631
1993	1.4546542028691141
1994	1.8929938457534796
1995	2.2666021533868546
1996	1.9607358974610969
1997	1.7237350585800568
1998	1.0494031726612698
1999	0.58220852045096305
2000	1.5719870628196031
2001	1.0200970924089217
2002	0.62174126654512696
2003	0.16818758276391635
2004	1.0855707379576378
2005	0.65766918189959345
2006	0.67855628868717166
2007	1.2858936730995996
2008	0.63281251068412270
2009	0.23524655737373357
2010	1.9039361322855282
cpt:field=undefined_relodds_A, cpt:nrow=28, cpt:ncol=1, cpt:row=T, cpt:col=station, cpt:missing=-999.00000000000000               
	14.0
cpt:Y	32.932977780000002
cpt:X	-99.215388899999994
1983	0.68660327528376497
1984	25.477540136939851
1985	0.23648086998067780
1986	113.16295788810265
1987	2.0034251605943214
1988	0.40556537138580134
1989	0.32548148343868538
1990	10.864248865047310
1991	1680.4830095789482
1992	3.0106387005378394
1993	2.0392957582698021
1994	1.3051603642108549
1995	0.46877838732554561
1996	1.2213327219539987
1997	1.0835472685757996
1998	0.10592809745424647
1999	4.7628916275536691E-002
2000	0.18983867170076937
2001	9.8708313839154294E-002
2002	4.9541793991082134E-002
2003	9.7942479656845105E-003
2004	3.0204847302977247
2005	4.9822604988674017E-002
2006	5.1865644774623312E-002
2007	2.3340531747549100
2008	4.9702042424639180E-002
2009	15.750899645959414
2010	0.42188631489915795
