xmlns:cpt=http://iri.columbia.edu/CPT/v10/
cpt:nfields=1
cpt:field=X_loadings, cpt:nrow=9, cpt:ncol=4, cpt:row=station, cpt:col=mode 
Station	Latitude	Longitude	1	2	3	4
PRATE_1	33.543170000000003	-99.375339999999994	-0.35017194163223175	0.35051735811194229	-8.2988085401240093E-003	0.15707516691946888
PRATE_2	32.598300000000002	-99.375339999999994	-0.35969812164919535	0.30289076561860828	-3.7949465137550889E-002	0.55556263100191616
PRATE_3	33.543170000000003	-98.437839999999994	-0.31329545864799602	0.42563886675127788	-1.6194954300167894E-003	-0.48551827268882042
PRATE_4	32.598300000000002	-98.437839999999994	-0.34589092065835397	0.36625111156813439	-2.4098845494308258E-002	-6.4492189944070660E-002
TMP_1	33.543170000000003	-99.375339999999994	0.35567307875139831	0.34136010145245993	0.11571787690736041	-4.8948154708951488E-002
TMP_2	32.598300000000002	-99.375339999999994	0.33282316411110424	0.38524420848961660	0.13223152586775844	-0.35919991653662919
TMP_3	33.543170000000003	-98.437839999999994	0.37078079430108085	0.26578922708558483	6.5960825286429048E-002	0.53853901016162353
TMP_4	32.598300000000002	-98.437839999999994	0.35461516550035177	0.34676924691903394	9.3859358496587691E-002	6.5600626363534503E-002
12.0	32.932977780000002	-99.215388899999994	-0.17232930287505854	-0.11938928456532630	0.97666339013698178	3.2281724836980372E-002
