xmlns:cpt=http://iri.columbia.edu/CPT/v10/
cpt:nfields=1
cpt:field=X_loadings, cpt:nrow=9, cpt:ncol=4, cpt:row=station, cpt:col=mode 
Station	Latitude	Longitude	1	2	3	4
PRATE_1	33.543170000000003	-99.375339999999994	-0.34600582721155382	0.36355459408126872	-3.0269906684695452E-002	0.17178226740626934
PRATE_2	32.598300000000002	-99.375339999999994	-0.33347443888551603	0.37693778381344434	6.2528555756541426E-002	-0.41159169495085707
PRATE_3	33.543170000000003	-98.437839999999994	-0.34805429298314294	0.33279655172585354	-0.14512296354488655	0.42401651917853667
PRATE_4	32.598300000000002	-98.437839999999994	-0.34770001784067683	0.36274519279744122	-7.9240873310177734E-002	-0.11233163164183255
TMP_1	33.543170000000003	-99.375339999999994	0.34792368772237237	0.37139408971388865	0.12390579638639453	-3.1777731689211393E-002
TMP_2	32.598300000000002	-99.375339999999994	0.35630613376706721	0.29566704452106807	-3.7840163250404792E-003	0.56345751285821710
TMP_3	33.543170000000003	-98.437839999999994	0.32474984369640392	0.37347399664839681	0.19102244769499124	-0.49406822775228271
TMP_4	32.598300000000002	-98.437839999999994	0.36306186018447162	0.33560288982555275	6.5104622513930885E-002	0.10829757875427673
13.0	32.932977780000002	-99.215388899999994	-0.20434369120532908	-7.7095055586735642E-002	0.95485023399459346	0.18533416571868858
