xmlns:cpt=http://iri.columbia.edu/CPT/v10/
cpt:nfields=1
cpt:field=eigenvalues, cpt:nrow=9, cpt:ncol=3, cpt:row=mode, cpt:col=index 
Mode	Eigenvalue	% variance	Cum. % variance
1	5.5102431826137508	61.224924251263900	61.224924251263900
2	2.5650450845389390	28.500500939321544	89.725425190585440
3	0.78247605854710256	8.6941784283011394	98.419603618886583
4	0.10153230430031879	1.1281367144479866	99.547740333334559
5	3.2021724169709866E-002	0.35579693521899852	99.903537268553563
6	4.9086282632954904E-003	5.4540314036616556E-002	99.958077582590192
7	2.5613062651254743E-003	2.8458958501394158E-002	99.986536541091567
8	1.1626812209040180E-003	1.2918680232266867E-002	99.999455221323842
9	4.9030080854631255E-005	5.4477867616256951E-004	100.00000000000000
