STN,00.0
LAT,28.30888906
LON,-98.5572384
1958 2.91778
1959 5.40133
1960 4.34381
1961 5.96717
1962 2.31255
1963 -1.60894
1964 1.23259
1965 -0.570753
1966 2.84492
1967 -3.14423
1968 2.8792
1969 -1.45629
1970 6.23852
1971 -1.34285
1972 5.66088
1973 -0.122055
1974 5.37805
1975 4.49647
1976 1.2384
1977 7.1507
1978 3.21085
1979 -1.09035
1980 -2.73183
1981 -1.30896
1982 4.86136
1983 -0.108588
1984 -0.709073
1985 0.39211
1986 4.74319
1987 5.81741
1988 4.80811
1989 -3.19175
1990 -6.16582
1991 2.2203
1992 5.94751
1993 3.88978
1994 -9.21034
1995 3.28841
1996 0.727597
1997 4.59714
1998 2.23859
1999 5.71966
2000 0.652377
2001 5.45788
2002 6.28525
2003 4.96004
2004 4.14947
2005 6.85688
2006 -2.06278
2007 1.26133
2008 4.71403
2009 -1.95122
2010 -0.494132
2011 -9.21034
2012 -9.21034
2013 -3.81218
2014 -0.886489
2015 -9.21034
