STN,01.0
LAT,28.30888906
LON,-98.5572384
1958 7.55591
1959 5.13344
1960 4.45435
1961 5.64297
1962 1.82457
1963 -9.21034
1964 -4.33514
1965 -1.74813
1966 0.672995
1967 -1.37397
1968 5.44631
1969 -1.94421
1970 5.06006
1971 -1.8012
1972 5.06386
1973 1.72635
1974 4.67656
1975 4.4613
1976 0.57667
1977 6.0895
1978 1.7299
1979 -1.0186
1980 -2.16195
1981 0.207095
1982 4.39692
1983 -0.554952
1984 3.18222
1985 6.42568
1986 1.77835
1987 5.48604
1988 4.66815
1989 -2.52448
1990 -9.21034
1991 1.74399
1992 6.82209
1993 4.30811
1994 -9.21034
1995 3.16125
1996 -9.21034
1997 4.23266
1998 2.96528
1999 5.31812
2000 -0.258641
2001 4.91118
2002 4.71671
2003 4.49647
2004 3.63495
2005 5.55876
2006 -1.85087
2007 4.43082
2008 4.38328
2009 -2.11114
2010 5.26837
2011 -1.26196
2012 -9.21034
2013 -9.21034
2014 -1.86369
2015 -9.21034
