STN,07.0
LAT,28.30888906
LON,-98.5572384
1958 7.39634
1959 6.34388
1960 5.13403
1961 5.26165
1962 1.09865
1963 2.83322
1964 -0.577856
1965 5.23591
1966 1.59739
1967 -9.21034
1968 1.71021
1969 2.22895
1970 1.71562
1971 8.74688
1972 1.3271
1973 5.00126
1974 -0.494132
1975 7.22111
1976 7.35436
1977 4.15888
1978 0.0862694
1979 3.619
1980 -0.221769
1981 7.09672
1982 1.52608
1983 1.33239
1984 -9.21034
1985 6.56948
1986 0.951696
1987 6.95368
1988 3.97218
1989 -9.21034
1990 7.36518
1991 -0.280905
1992 5.6047
1993 4.49424
1994 -1.59406
1995 5.06133
1996 3.13114
1997 7.50108
1998 -9.21034
1999 6.01616
2000 -9.21034
2001 2.99574
2002 9.24571
2003 5.89137
2004 7.57456
2005 4.76984
2006 3.58906
2007 8.52457
2008 -0.629046
2009 -9.21034
2010 6.09875
2011 2.15757
2012 -9.21034
2013 5.94568
2014 4.37576
2015 4.3464
