STN,08.0
LAT,28.30888906
LON,-98.5572384
1958 0.770155
1959 4.85281
1960 5.97177
1961 6.12446
1962 -9.21034
1963 -9.21034
1964 5.31074
1965 0.25472
1966 4.98839
1967 6.05256
1968 -1.37793
1969 3.03496
1970 5.32691
1971 8.88142
1972 5.75289
1973 4.21951
1974 7.02198
1975 5.39454
1976 6.78773
1977 2.36086
1978 4.37198
1979 0.246938
1980 7.37963
1981 4.4987
1982 -0.581427
1983 0.0677521
1984 -9.21034
1985 -1.16443
1986 -5.09947
1987 5.44285
1988 2.14125
1989 2.33215
1990 7.31522
1991 4.19117
1992 5.90618
1993 -9.21034
1994 1.58106
1995 -4.59522
1996 2.59526
1997 4.76474
1998 6.31987
1999 5.44717
2000 -9.21034
2001 2.65325
2002 4.92071
2003 2.46811
2004 5.64827
2005 2.40695
2006 -9.21034
2007 7.94343
2008 2.96528
2009 -9.21034
2010 2.6174
2011 -9.21034
2012 -9.21034
2013 0.113418
2014 -4.26158
2015 -2.79524
