xmlns:cpt=http://iri.columbia.edu/CPT/v10/
cpt:nfields=2
cpt:field=undefined, cpt:climit=lower (95.%), cpt:nrow=28, cpt:ncol=1, cpt:row=T, cpt:col=station, cpt:units=none, cpt:missing=-999.00000000000000               
	03.0
cpt:Y	30.751289900000000
cpt:X	-98.669759900000003
1983	4.2468610184046272
1984	3.4767728845693417
1985	4.6749940933454806
1986	4.0716901838346740
1987	4.9455480212671592
1988	4.3180211838455218
1989	4.5192659055271198
1990	4.6399184541435936
1991	4.1328865990404768
1992	5.7470258843209052
1993	5.2483392673143001
1994	3.8939157061859051
1995	4.4817769828321259
1996	3.1521797503646942
1997	6.0859875616478920
1998	3.9634819947379709
1999	4.2349854998183520
2000	3.6990271413416935
2001	4.8562894236847196
2002	4.1722948428883466
2003	3.7194769957519198
2004	4.2886240857384879
2005	4.3702104102619934
2006	3.8084365918740284
2007	4.2149222560522119
2008	3.7296732629091425
2009	3.9973869804691740
2010	5.0610424780177086
cpt:field=undefined, cpt:climit=upper (95.%), cpt:nrow=28, cpt:ncol=1, cpt:row=T, cpt:col=station, cpt:units=none, cpt:missing=-999.00000000000000               
	03.0
cpt:Y	30.751289900000000
cpt:X	-98.669759900000003
1983	7.0570788868673331
1984	6.2577277080129230
1985	7.3117830713978851
1986	6.8603105901608235
1987	8.0322329002848072
1988	6.9649015708566928
1989	7.1858340277371786
1990	7.3526166565639404
1991	6.7711584801749627
1992	8.7691633910376332
1993	8.1338578296459918
1994	6.6595890182639144
1995	7.2201563040554069
1996	6.1067405012538911
1997	9.0391915953908271
1998	6.7050579751226751
1999	6.9198754571690948
2000	6.4071076734707049
2001	7.5855892212720377
2002	7.0255342314690843
2003	6.4731891651253282
2004	7.1041454806296782
2005	7.0234042848003391
2006	6.5564955627252255
2007	7.0601733103977100
2008	6.4471398380914637
2009	6.7149523515554650
2010	7.8436374562773894
