xmlns:cpt=http://iri.columbia.edu/CPT/v10/
cpt:nfields=3
cpt:field=undefined_relodds_B, cpt:nrow=28, cpt:ncol=1, cpt:row=T, cpt:col=station, cpt:missing=-999.00000000000000               
	06.0
cpt:Y	30.751289900000000
cpt:X	-98.669759900000003
1983	0.41093818022622641
1984	4.0710122438933567
1985	1.0675420347072211
1986	0.79359344566866286
1987	0.51351851385433089
1988	0.46729861194082556
1989	0.99115038662368660
1990	1.1763923996396510
1991	1.7127527889616194
1992	1.0198109999765841
1993	0.79983872812082812
1994	1.1136740310567586
1995	0.96901029692514973
1996	4.9409591838496558
1997	0.80331626113889509
1998	3.5799082572751044
1999	1.0550946545060589
2000	3.2814479215286814
2001	0.83106538909650429
2002	1.3258216075206775
2003	1.2108303019727198
2004	0.59667744514789056
2005	2.5360252671463450
2006	1.8876222928249191
2007	4.1379014308800650E-002
2008	2.3041214258004921
2009	1.9524780466043159
2010	1.0403876236813441
cpt:field=undefined_relodds_N, cpt:nrow=28, cpt:ncol=1, cpt:row=T, cpt:col=station, cpt:missing=-999.00000000000000               
	06.0
cpt:Y	30.751289900000000
cpt:X	-98.669759900000003
1983	0.36747589988292639
1984	0.35115796748621575
1985	0.45576143804936720
1986	0.47620354746835331
1987	0.41148893924990942
1988	0.39974674411450478
1989	0.50395046883649586
1990	0.45021596962542476
1991	0.51643764391851898
1992	0.48587916341147391
1993	0.46288511689187617
1994	0.51738228857785284
1995	0.45834911391499122
1996	0.32251658869975847
1997	0.49524119242735565
1998	0.37487901967288662
1999	0.52327195103650304
2000	0.39362173375049098
2001	0.49935899754354252
2002	0.50365422257282988
2003	0.49341286823586483
2004	0.38942412242722685
2005	0.45504130219419042
2006	0.48342962037553661
2007	5.6899503851230479E-002
2008	0.48011668903434568
2009	0.48840640168219424
2010	0.49957666477830898
cpt:field=undefined_relodds_A, cpt:nrow=28, cpt:ncol=1, cpt:row=T, cpt:col=station, cpt:missing=-999.00000000000000               
	06.0
cpt:Y	30.751289900000000
cpt:X	-98.669759900000003
1983	4.1412641567995783
1984	0.43925947347313476
1985	1.7481200404683621
1986	2.1982570769923981
1987	3.3341934289717501
1988	3.6183628879853886
1989	1.7550005588049156
1990	1.6094548574626251
1991	1.0005618799952642
1992	1.7512011304929107
1993	2.2228178184024716
1994	1.5511620317322712
1995	1.8999981766507748
1996	0.35094833122811281
1997	2.1234261245599644
1998	0.50180440621465849
1999	1.6183760988240630
2000	0.54529979406595075
2001	2.0539417747152249
2002	1.3343754370459644
2003	1.4782928846176699
2004	3.0921267310137281
2005	0.68660087698981809
2006	0.94027351099119683
2007	39.725010710505750
2008	0.74380254720527594
2009	0.89745431949471233
2010	1.6896716844621280
