xmlns:cpt=http://iri.columbia.edu/CPT/v10/
cpt:nfields=3
cpt:field=undefined_prob_B, cpt:nrow=35, cpt:ncol=1, cpt:row=T, cpt:col=station, cpt:units=%, cpt:missing=-999.00000000000000               
	04.0
cpt:Y	30.751289900000000
cpt:X	-98.669759900000003
1982	37.079103770601371
1983	29.866277103507926
1984	81.358886085102583
1985	10.731735291371152
1986	40.723753468910928
1987	6.7559016718405616
1988	33.692716972938470
1989	23.309326348464197
1990	3.3844533418059655
1991	54.285038426325450
1992	0.91059343792682057
1993	13.503178888229755
1994	40.105018602474729
1995	9.4216693097220201
1996	54.276134739762391
1997	0.10731494617257908
1998	7.8627436250244358
1999	6.4630131440551111
2000	56.678978257435553
2001	2.6186293246320247
2002	43.233932377350804
2003	29.933310416168581
2004	31.573543952984636
2005	9.3534892029341705
2006	50.787147411712638
2007	1.6159002902880388
2008	38.978035046798368
2009	36.694742390877991
2010	6.0173287811066274
2011	78.698270435322414
2012	12.769157575143197
2013	80.154051350673853
2014	88.241211011711314
2015	73.756712414207811
2016	5.1137453373631843
cpt:field=undefined_prob_N, cpt:nrow=35, cpt:ncol=1, cpt:row=T, cpt:col=station, cpt:units=%, cpt:missing=-999.00000000000000               
	04.0
cpt:Y	30.751289900000000
cpt:X	-98.669759900000003
1982	43.007413134521379
1983	40.967597266753998
1984	16.271031421172715
1985	35.912406060898270
1986	41.923648536152584
1987	28.166888192074097
1988	43.684951860003167
1989	43.534617807853387
1990	20.026947107182679
1991	35.210293268007923
1992	8.4199338424881205
1993	39.560219807941394
1994	42.117195400707729
1995	32.881481854292090
1996	34.869848787075256
1997	1.4834645870316479
1998	29.808509100207786
1999	25.752376617179237
2000	32.984763896298986
2001	17.860265500956046
2002	40.476620332351693
2003	44.350360746053134
2004	44.243131983938362
2005	34.755570607267572
2006	37.210646381932897
2007	12.776308683606601
2008	40.886380340003960
2009	41.399244323035219
2010	28.389423020412821
2011	18.387136287210740
2012	36.086313239903880
2013	17.139651347039205
2014	10.516570823377972
2015	22.255655752156244
2016	25.171317368574293
cpt:field=undefined_prob_A, cpt:nrow=35, cpt:ncol=1, cpt:row=T, cpt:col=station, cpt:units=%, cpt:missing=-999.00000000000000               
	04.0
cpt:Y	30.751289900000000
cpt:X	-98.669759900000003
1982	19.913483094877250
1983	29.166125629738076
1984	2.3700824937247038
1985	53.355858647730578
1986	17.352597994936488
1987	65.077210136085341
1988	22.622331167058363
1989	33.156055843682417
1990	76.588599551011356
1991	10.504668305666625
1992	90.669472719585059
1993	46.936601303828851
1994	17.777785996817546
1995	57.696848835985890
1996	10.854016473162352
1997	98.409220466795773
1998	62.328747274767778
1999	67.784610238765652
2000	10.336257846265463
2001	79.521105174411929
2002	16.289447290297502
2003	25.716328837778285
2004	24.183324063077002
2005	55.890940189798258
2006	12.002206206354463
2007	85.607791026105360
2008	20.135584613197672
2009	21.906013286086790
2010	65.593248198480552
2011	2.9145932774668499
2012	51.144529184952923
2013	2.7062973022869476
2014	1.2422181649107171
2015	3.9876318336359464
2016	69.714937294062523
