xmlns:cpt=http://iri.columbia.edu/CPT/v10/
cpt:nfields=1
cpt:field=X_loadings, cpt:nrow=9, cpt:ncol=4, cpt:row=station, cpt:col=mode 
Station	Latitude	Longitude	1	2	3	4
PRATE_1	30.708539999999999	-99.375339999999994	-0.35969339795306821	0.25676407843625770	-0.19687463755884005	0.27984339043269091
PRATE_2	29.763670000000001	-99.375339999999994	-0.32638214460461912	0.40642807715749235	0.14304862068972002	-0.42675109843985393
PRATE_3	30.708539999999999	-98.437839999999994	-0.32213843097443656	0.30893785416809971	-0.37112459733336062	0.50332443527051030
PRATE_4	29.763670000000001	-98.437839999999994	-0.32713323454664273	0.43532597139083201	-2.9670858028343905E-003	-0.25900786580521107
TMP_1	30.708539999999999	-99.375339999999994	0.36262855361293583	0.34654298691130359	6.2828012421738022E-002	-3.3121537778608753E-002
TMP_2	29.763670000000001	-99.375339999999994	0.33397364007786112	0.42258061675559672	8.2397525815300771E-002	-0.26148308730553504
TMP_3	30.708539999999999	-98.437839999999994	0.37134982260765498	0.22985075089066595	-1.8526543693993716E-002	0.42635951033352321
TMP_4	29.763670000000001	-98.437839999999994	0.35816768837126534	0.35819099514508845	-3.4223682962528437E-003	0.16376823349154504
05.0	30.751289900000000	-98.669759900000003	-0.20996044720476448	6.4331569967631883E-002	0.88991209792286941	0.37560312506384896
