xmlns:cpt=http://iri.columbia.edu/CPT/v10/
cpt:nfields=3
cpt:field=undefined_prob_B, cpt:nrow=35, cpt:ncol=1, cpt:row=T, cpt:col=station, cpt:units=%, cpt:missing=-999.00000000000000               
	09.0
cpt:Y	30.751289900000000
cpt:X	-98.669759900000003
1982	20.176556948575936
1983	49.478763477348011
1984	65.041465868746968
1985	59.206001369572675
1986	25.500516570179158
1987	10.924631869367232
1988	25.123299963648151
1989	35.288872149435036
1990	10.845222398703896
1991	18.819994524799270
1992	12.944628861347795
1993	48.738987199459103
1994	19.379982390324415
1995	45.132863020981659
1996	12.038140062673989
1997	15.691223872039600
1998	3.9209363185099448
1999	42.460795480584565
2000	47.347633690609328
2001	25.406494899967157
2002	23.433143020698949
2003	47.004774511843927
2004	23.993073487503054
2005	26.883779503736903
2006	57.317168568735980
2007	7.4067425471166075
2008	26.304849266850042
2009	25.684788791058907
2010	52.279387201338963
2011	86.697961595465344
2012	91.516088898981593
2013	79.657555787005563
2014	40.129472717653144
2015	40.286710130809645
2016	15.787139021115863
cpt:field=undefined_prob_N, cpt:nrow=35, cpt:ncol=1, cpt:row=T, cpt:col=station, cpt:units=%, cpt:missing=-999.00000000000000               
	09.0
cpt:Y	30.751289900000000
cpt:X	-98.669759900000003
1982	39.431763906901793
1983	35.037154395855445
1984	26.944587628190256
1985	30.304642449018012
1986	40.602144191091739
1987	32.097751997530530
1988	39.787809680855410
1989	40.461284752165426
1990	31.889347758316404
1991	37.984796988349160
1992	33.480733956055467
1993	36.119370023377037
1994	38.703259840587855
1995	37.734763100820551
1996	33.188179979414805
1997	36.142500751890729
1998	15.678175455443935
1999	38.605221618319511
2000	37.015944874331034
2001	40.539624484736635
2002	38.475160577331053
2003	36.431374013667181
2004	40.427876827197828
2005	40.222205161665393
2006	31.783447503235898
2007	24.305420695404095
2008	40.994179476829174
2009	39.053603440298716
2010	33.295775536277532
2011	11.071470288259187
2012	7.3499619338236206
2013	16.785413974098848
2014	37.817241922496343
2015	38.811849989212973
2016	35.755150147812664
cpt:field=undefined_prob_A, cpt:nrow=35, cpt:ncol=1, cpt:row=T, cpt:col=station, cpt:units=%, cpt:missing=-999.00000000000000               
	09.0
cpt:Y	30.751289900000000
cpt:X	-98.669759900000003
1982	40.391679144522271
1983	15.484082126796544
1984	8.0139465030627708
1985	10.489356181409315
1986	33.897339238729103
1987	56.977616133102238
1988	35.088890355496439
1989	24.249843098399541
1990	57.265429842979700
1991	43.195208486851570
1992	53.574637182596739
1993	15.141642777163858
1994	41.916757769087731
1995	17.132373878197789
1996	54.773679957911206
1997	48.166275376069670
1998	80.400888226046121
1999	18.933982901095924
2000	15.636421435059637
2001	34.053880615296208
2002	38.091696401969998
2003	16.563851474488889
2004	35.579049685299118
2005	32.894015334597704
2006	10.899383928028122
2007	68.287836757479297
2008	32.700971256320784
2009	35.261607768642378
2010	14.424837262383509
2011	2.2305681162754740
2012	1.1339491671947881
2013	3.5570302388955892
2014	22.053285359850513
2015	20.901439879977385
2016	48.457710831071473
