xmlns:cpt=http://iri.columbia.edu/CPT/v10/
cpt:nfields=1
cpt:field=eigenvalues, cpt:nrow=9, cpt:ncol=3, cpt:row=mode, cpt:col=index 
Mode	Eigenvalue	% variance	Cum. % variance
1	4.4932837350831942	49.925374834257696	49.925374834257696
2	3.3687157644185133	37.430175160205692	87.355549994463388
3	0.90446564441813326	10.049618271312587	97.405168265775984
4	0.13595122684907657	1.5105691872119613	98.915737452987941
5	7.1800022337420388E-002	0.79777802597133740	99.713515478959280
6	1.8721626156224993E-002	0.20801806840249984	99.921533547361776
7	5.1938310506236948E-003	5.7709233895818814E-002	99.979242781257597
8	1.6592365624180424E-003	1.8435961804644910E-002	99.997678743062252
9	2.0891312439763141E-004	2.3212569377514592E-003	100.00000000000000
