xmlns:cpt=http://iri.columbia.edu/CPT/v10/
cpt:nfields=3
cpt:field=undefined_relodds_B, cpt:nrow=35, cpt:ncol=1, cpt:row=T, cpt:col=station, cpt:missing=-999.00000000000000               
	07.0
cpt:Y	30.751289900000000
cpt:X	-98.669759900000003
1982	1.2685820743519598
1983	0.40530511778553302
1984	5.8790129500706882
1985	1.2562231058575719
1986	0.46202159457224778
1987	5.7680162168950319E-002
1988	0.24544096764134560
1989	0.84284478799036489
1990	1.5509384152995556
1991	0.99588635761839628
1992	0.23269938681408944
1993	0.77311578834811490
1994	1.5822763116217151
1995	0.76122671625413307
1996	0.96066758034635391
1997	5.0269112007502378E-002
1998	1.5787169143147135
1999	0.23006613452315972
2000	2.4213498486277243
2001	1.8687352822886363
2002	0.92341149144913637
2003	0.23465119167877099
2004	0.19704698836028106
2005	0.41901717145387285
2006	0.70680262630657065
2007	2.8228256476279263E-002
2008	0.65831430245894074
2009	1.8992190734256194
2010	0.10397294994676472
2011	50.759021918217847
2012	3.8811702057257320
2013	5.6482445277170905
2014	5.3002669583134292
2015	2.1770494328576526
2016	0.81671604447475110
cpt:field=undefined_relodds_N, cpt:nrow=35, cpt:ncol=1, cpt:row=T, cpt:col=station, cpt:missing=-999.00000000000000               
	07.0
cpt:Y	30.751289900000000
cpt:X	-98.669759900000003
1982	0.74794923950160463
1983	0.58989551211319957
1984	0.38022112454893947
1985	0.69265081013885554
1986	0.61617054192867571
1987	0.15456705585186650
1988	0.43148308493226173
1989	0.74672487176979296
1990	0.72060009220482446
1991	0.75594909634983454
1992	0.41842155458417096
1993	0.68202595662822074
1994	0.73849005814296775
1995	0.70864843560323054
1996	0.73648681325553900
1997	0.13511206945810808
1998	0.68179585639445417
1999	0.39509063559227853
2000	0.63230089993777061
2001	0.70893112877482312
2002	0.71602542003970404
2003	0.43709288983373490
2004	0.38268398616813454
2005	0.53995906604209376
2006	0.68863181694303488
2007	8.4117067087328926E-002
2008	0.64249876699309338
2009	0.70807519166996002
2010	0.21846322688612904
2011	5.8380307563226957E-002
2012	0.46057359741206461
2013	0.36943314890059814
2014	0.41833061150539597
2015	0.63183046898449524
2016	0.67597373156110518
cpt:field=undefined_relodds_A, cpt:nrow=35, cpt:ncol=1, cpt:row=T, cpt:col=station, cpt:missing=-999.00000000000000               
	07.0
cpt:Y	30.751289900000000
cpt:X	-98.669759900000003
1982	1.0289335891818854
1983	3.0470290694933824
1984	0.20774181296749625
1985	1.1102796790168730
1986	2.7260845953904242
1987	18.045923082234459
1988	4.9743979182914737
1989	1.5190237415230330
1990	0.85047814221762952
1991	1.2964399802147861
1992	5.2140271994908174
1993	1.7517494213220406
1994	0.81149106086924283
1995	1.7222555761001241
1996	1.3692009057353427
1997	20.779219862900096
1998	0.87616017389565293
1999	5.4592313071730771
2000	0.53852883616477076
2001	0.68551319674481082
2002	1.4512651054921351
2003	5.0334406626049821
2004	5.9904860673821174
2005	3.1839837899733152
2006	1.8666165182089853
2007	34.846865688031855
2008	2.0751114054779585
2009	0.67185059156151217
2010	11.523339502113297
2011	1.9275913468068784E-002
2012	0.36096005587630475
2013	0.23609009989214383
2014	0.22464304410622662
2015	0.62720342969509268
2016	1.6862161315371915
