xmlns:cpt=http://iri.columbia.edu/CPT/v10/
cpt:nfields=2
cpt:field=undefined, cpt:climit=lower (95.%), cpt:nrow=28, cpt:ncol=1, cpt:row=T, cpt:col=station, cpt:units=none, cpt:missing=-999.00000000000000               
	04.0
cpt:Y	30.751289900000000
cpt:X	-98.669759900000003
1983	3.9418774557169236
1984	3.1828933639126089
1985	4.2909099674656632
1986	3.6675027817068671
1987	4.2885277369123731
1988	3.8106133400733979
1989	3.8788218460248158
1990	4.6540270066775991
1991	3.6190214261575679
1992	5.0476607944552594
1993	4.1559859860349668
1994	3.7149822262714141
1995	4.2434309792613041
1996	3.2628329760333621
1997	5.3022876862736954
1998	4.4961615405261952
1999	4.3416295874529975
2000	3.3066347092923092
2001	4.5990023122345569
2002	3.9395178491160689
2003	3.7290652686092765
2004	4.0024326552009679
2005	4.3342701590154995
2006	3.7036440399413157
2007	4.8397275153194901
2008	3.6456914613971056
2009	3.8237678317927255
2010	4.4039012976942011
cpt:field=undefined, cpt:climit=upper (95.%), cpt:nrow=28, cpt:ncol=1, cpt:row=T, cpt:col=station, cpt:units=none, cpt:missing=-999.00000000000000               
	04.0
cpt:Y	30.751289900000000
cpt:X	-98.669759900000003
1983	6.9877979856796628
1984	5.9623720806101268
1985	6.9416851529757251
1986	6.3042511684794231
1987	7.1267235339598738
1988	6.4379398889226023
1989	6.5242050475521891
1990	7.3575881163605770
1991	6.2834463745792100
1992	7.8551687529510286
1993	6.7750859381358097
1994	6.3494521173222784
1995	6.8478615056532144
1996	6.0712282814241387
1997	8.2244868077417728
1998	7.1334246067831799
1999	7.1662515463404795
2000	6.0868541574750381
2001	7.3056807824071015
2002	6.6859613444106856
2003	6.3808555460242475
2004	6.6537080822433179
2005	6.9559543357391416
2006	6.5605643822983941
2007	7.6711469095787912
2008	6.3401578902409748
2009	6.5920508092299954
2010	7.0141950543106173
