xmlns:cpt=http://iri.columbia.edu/CPT/v10/
cpt:nfields=1
cpt:field=X_loadings, cpt:nrow=9, cpt:ncol=4, cpt:row=station, cpt:col=mode 
Station	Latitude	Longitude	1	2	3	4
PRATE_1	30.708539999999999	-99.375339999999994	-0.31053534953517903	0.42459537578014689	0.17233937699727425	7.5427094857556309E-003
PRATE_2	29.763670000000001	-99.375339999999994	-0.28107659379586653	0.41242660082277144	2.7226271588231432E-002	0.73754646340808527
PRATE_3	30.708539999999999	-98.437839999999994	-0.32544309571415309	0.34255964760364621	0.10432373404706669	-0.65321081953111360
PRATE_4	29.763670000000001	-98.437839999999994	-0.36757238455988062	0.29209562946431911	9.4413822003896891E-002	-0.10712447303315376
TMP_1	30.708539999999999	-99.375339999999994	0.38746400817810012	0.23354135200805137	0.18010742733933152	-2.8125996877369813E-002
TMP_2	29.763670000000001	-99.375339999999994	0.36776660563054042	0.31212964246684805	0.11630210162332175	-0.10374475209770717
TMP_3	30.708539999999999	-98.437839999999994	0.37929657964175945	0.24955964710097389	0.23439977648709928	1.9118884786925736E-002
TMP_4	29.763670000000001	-98.437839999999994	0.36670114285129379	0.31392255430072402	0.15345818912093456	2.6291512623323635E-002
06.0	30.751289900000000	-98.669759900000003	-0.14080064390228608	-0.36628163005713810	0.90846184441087863	7.2093506594003806E-002
