xmlns:cpt=http://iri.columbia.edu/CPT/v10/
cpt:nfields=3
cpt:field=undefined_relodds_B, cpt:nrow=28, cpt:ncol=1, cpt:row=T, cpt:col=station, cpt:missing=-999.00000000000000               
	05.0
cpt:Y	30.751289900000000
cpt:X	-98.669759900000003
1983	1.5164439364945206
1984	8.9945197115999242
1985	0.97074156229799191
1986	3.8270658311620123
1987	1.2246791594913700
1988	2.1980395466630518
1989	1.9678276161066639
1990	1.3404394119939671
1991	2.3823991015641424
1992	0.52131066791703440
1993	1.1500641995366958
1994	1.5726294925857343
1995	0.89146392892714199
1996	4.2116558480444661
1997	0.41597645710156728
1998	1.3382837389482631
1999	0.86551344321934742
2000	4.2244896222552164
2001	0.52231670621710202
2002	2.1486637638390054
2003	2.9113199460537289
2004	0.70584903599919191
2005	1.0384097942563366
2006	4.3605439961755685
2007	1.0926544681311232
2008	2.4614454627384776
2009	0.70039304707472316
2010	0.42311267804235447
cpt:field=undefined_relodds_N, cpt:nrow=28, cpt:ncol=1, cpt:row=T, cpt:col=station, cpt:missing=-999.00000000000000               
	05.0
cpt:Y	30.751289900000000
cpt:X	-98.669759900000003
1983	0.46215835397967681
1984	0.20560061743232549
1985	0.45323591194863078
1986	0.36532321733782036
1987	0.49306802597174021
1988	0.47785938515545295
1989	0.49145735718110362
1990	0.49711440763021114
1991	0.43048868344017804
1992	0.37541135659784769
1993	0.44346953379880355
1994	0.45950257088858032
1995	0.46241583012748888
1996	0.35134101290242170
1997	0.33098917528559380
1998	0.46964913150891274
1999	0.45961996105368241
2000	0.35059886281241537
2001	0.40295976511641773
2002	0.47153218490144477
2003	0.41850876220591465
2004	0.40637108786837911
2005	0.49296793223524416
2006	0.34969832405315837
2007	0.48146983289849749
2008	0.42852174029784768
2009	0.45415603734170984
2010	0.34142447884239968
cpt:field=undefined_relodds_A, cpt:nrow=28, cpt:ncol=1, cpt:row=T, cpt:col=station, cpt:missing=-999.00000000000000               
	05.0
cpt:Y	30.751289900000000
cpt:X	-98.669759900000003
1983	1.2312883857902190
1984	0.19464598639848804
1985	1.9099334515100945
1986	0.46541125961038343
1987	1.4628505268954555
1988	0.79158510309004815
1989	0.88515846592537850
1990	1.3313793873989854
1991	0.77489040676252341
1992	3.4824209567437179
1993	1.6590896195085256
1994	1.1897128854991621
1995	2.0314586773473269
1996	0.41707555174126093
1997	4.3659291140505108
1998	1.3837620225761791
1999	2.0907236273161840
2000	0.41592137128100426
2001	3.3365885307144643
2002	0.82205887249976095
2003	0.61157417047882678
2004	2.6540476795504668
2005	1.7071064627433061
2006	0.39696528136858339
2007	1.6540864917447096
2008	0.74661690467219155
2009	2.5002174541711009
2010	4.2415255043795703
