xmlns:cpt=http://iri.columbia.edu/CPT/v10/
cpt:nfields=1
cpt:field=Predictor_scores, cpt:nrow=35, cpt:ncol=4, cpt:row=T, cpt:col=index 
	1	2	3	4
1982	-1.6993760770062627	-1.8609258730953135	0.46885241560409474	-6.8730254130871887E-002
1983	2.5734464119360831	-0.18653248741539366	-0.70919539547134902	0.42066825020982412
1984	-7.7498711486409799E-002	-1.0099300478675721	-1.0004186382626614	0.16194083120614253
1985	-0.15298301391735283	-0.45503075212798672	0.73724381948300888	3.5511630744040512E-002
1986	-1.2562827446058824	0.48419267984649256	1.1416600127940737	-7.3585552736149390E-002
1987	2.6377410238767807	-1.0903735634610541	0.10589710013662490	-4.7567952575050143E-002
1988	-0.29336908980348275	-1.6130545994473016	0.22477325983528246	-5.1332057762751834E-002
1989	-0.32620478743923770	0.50718168747602244	0.49251863249110434	-1.9137091580177026E-002
1990	1.3239184843184728	1.3876773493045576	-0.52770289962270178	0.26784174158107316
1991	-0.61319792341403734	-1.5414585493630386	-3.6010638688570795E-002	-2.6080444908894163E-003
1992	4.5783099762817017	2.5720176421838463	1.7183846025546807	-0.28201455286052285
1993	2.4047923516895882	-1.8495434292934265	9.7241367138084511E-003	-0.18280379530964197
1994	-0.65413242636867364	-0.89904096707672410	-6.6673794200205444E-002	-0.18120479857775562
1995	2.2101094940727282	9.7037320777114827E-002	-0.87665810491226770	0.33040658042734200
1996	-1.6618066966768557	-0.92063049082661408	-0.36308506868913287	0.27113550652604707
1997	2.3409470282901053	0.96409225830554968	1.9432796021746388	4.0702140367492423E-002
1998	3.5573880169568821	-1.2051574723470890	-0.68274335541212572	0.21891288679490892
1999	-1.9012855106279558	0.93200968807674556	0.29959537002216180	0.25196583017912988
2000	-5.8396148605423948	1.1954697347589722	1.0256163354791776	0.16695277701074213
2001	3.7971040900883821	0.22894150828586923	-3.5552239166737332E-003	0.11269233651491206
2002	-0.14810473236591504	-0.90721399380178780	0.24306138068955024	-6.9120924006551843E-003
2003	-0.71717183193162892	-1.5457548318486474	0.17054248647003578	-0.10962121277449234
2004	1.9828875978060054	0.15020781093904229	-1.1306749871706536	0.21435204240511371
2005	1.9037864326234524	7.4760697049033847E-002	0.15526810020258439	2.5625004470353957E-002
2006	-1.5696062960662243	0.92896509096445379	-0.21911371573083854	0.47214872532017182
2007	-1.9384763035352808	-0.76622249097031869	-0.35921941543672276	0.14618007173051584
2008	-2.3107377446556532	-1.1146050934582190	0.50476125738097144	7.5688877357835610E-002
2009	-1.8305263677593393	1.8983383142371957	-0.48427994991592960	0.43183829596714751
2010	1.7205896520789161	-2.8400832184069387	1.2805136696584711	-0.35701829948368119
2011	-3.6740977059784372	-1.0600863149317135	0.29552515288967518	0.16573509181031071
2012	-0.77493149275500450	6.6739023047746340	0.18659657428823823	-0.21359601829288266
2013	-2.3810718204448418	-1.0165295994534476	-0.91762190542773270	-0.66362051169071545
2014	-1.4407917608956617	-0.58397903352866298	-0.99102230522803492	-0.68172945854751310
2015	0.57879579288164906	1.5445971750419700	-1.7178350416674220	-0.44466122986055179
2016	-0.34854845462465267	2.8267615467003848	-0.91800346911520281	-0.42415569754918292
