xmlns:cpt=http://iri.columbia.edu/CPT/v10/
cpt:nfields=1
cpt:field=X_scores, cpt:nrow=35, cpt:ncol=4, cpt:row=T, cpt:col=index 
	1	2	3	4
1982	-3.1843915965046432	-0.45544814433351144	-0.29273066445496521	0.24337374778555537
1983	-4.0614106189531594	-1.7976555326907633	-1.3320045482655534	5.1535868826254633E-002
1984	1.0590820921037294	0.23866637463136697	-0.83824648414817338	0.55836527170106720
1985	2.6725526677355931	-2.6965120953852968	3.1059631251075266	-0.30935070136113907
1986	0.38089619660994650	-0.13225776386569221	-0.50124931893139979	0.20244073720150865
1987	-3.8470186406659463	1.3688564819382067	1.2305147911275431	-0.37035642885497133
1988	-1.3729756141594573	-1.4437974520434884	0.12593037724360345	0.13209460952981522
1989	4.1424670891479760	1.0631061772460639	0.85631540748904533	0.53096941771152195
1990	-0.87840861159272876	2.3819942382368886	-0.18418378190658266	0.47328211927930386
1991	-1.0087515860873943	-0.20571813879461717	3.0443101575284532E-002	0.29640455812515071
1992	-3.7119386963542143	1.2297269864689828	1.9208200622485081	-0.16670454487119601
1993	-0.67565253732816843	-0.73199010411402843	0.59398833742261226	-3.5125775183957902E-002
1994	-0.72376163746131317	-6.2170548264184208E-002	-0.34191176954570796	0.15237254222427965
1995	-2.1774115132422938	0.34126670424820343	0.14564632975678649	-6.8271581535419082E-002
1996	1.2298990073733802	0.80900359940448596	-0.44374606484539325	0.30459235554206177
1997	-5.6351054391503431E-002	-1.0316078626162672	-0.61392639714448904	0.17571103011335565
1998	-4.0408746657958936	-1.8812594427213256	-0.30420875526976360	0.29836936032414624
1999	3.8349857486035988	-0.77289443379094569	0.57617500574434122	8.5108309621190870E-002
2000	4.1925190872813598	1.2598371507056523	0.14837353148670093	0.43387570435454320
2001	-0.61020986130608479	0.80720175570206898	1.5272270529146621	-0.20240714394611167
2002	-1.0781412920415785	-0.26935496301946077	8.4415167279093789E-002	0.42501997296200478
2003	-2.6275231709426734	0.44552721838657755	-0.43723625445833092	3.8354855368941433E-002
2004	-1.1491205791453027	-1.2912715069106304	-0.55210434802812225	-1.8220310274740066E-003
2005	-0.76286604595846430	0.39968317085544258	0.64520666785428193	-0.22927601289087490
2006	0.83809511654514768	0.90879091685088109	-0.42326255810194563	0.27068498318808704
2007	-1.0564456919696972	0.32599777227516563	-0.66264786938848363	0.22158751616017264
2008	3.1228894588774430	-0.37020254216388981	0.41306821527372900	8.3621787047166940E-002
2009	3.2806902299672047	-1.1897059174461417	-0.77735777180840770	0.10741456324332119
2010	-2.3053949217415894	0.22974940144033640	1.2433229585504451	-0.24824413786588773
2011	4.1859422608728734	-0.18500643564634178	-0.27055855771876269	0.28722953190489603
2012	4.2204095979739709	0.94110390581316294	-0.24138049304483386	-0.71476448239116985
2013	1.8750930321292756	-1.0185196104359977	-1.2887401446224718	-0.97215513803102005
2014	1.6092720457273129	-0.66365169929130641	-1.2796592663266637	-0.89608259727391126
2015	-1.2427966304062579	1.5292955330075617	-1.4700248306626589	-0.43028876043799769
2016	-7.3348664901745991E-002	1.9192168063216541	-0.39223025240183362	-0.72755950654395063
