xmlns:cpt=http://iri.columbia.edu/CPT/v10/
cpt:nfields=2
cpt:field=undefined, cpt:climit=lower (95.%), cpt:nrow=28, cpt:ncol=1, cpt:row=T, cpt:col=station, cpt:units=none, cpt:missing=-999.00000000000000               
	04.0
cpt:Y	30.751289900000000
cpt:X	-98.669759900000003
1983	3.4017183692005766
1984	3.0930839976844773
1985	4.3316290909578825
1986	3.7432230977219234
1987	4.3044394671632320
1988	3.8048975774740472
1989	4.1379283364151265
1990	4.6410138728281938
1991	3.5970456323182836
1992	4.9766884596277468
1993	4.2600768151426180
1994	3.7806131629738031
1995	4.2588968370493792
1996	3.6450406873488683
1997	5.4181152186798709
1998	4.3539119441087664
1999	4.5702423765883564
2000	3.4885262696275046
2001	4.8751852434739549
2002	3.6896849883135578
2003	3.9212229854566072
2004	4.0309209635810257
2005	4.3485924670114908
2006	3.7459016466505064
2007	5.0077690648378663
2008	4.0389812920996775
2009	3.9038557005160692
2010	4.6382783713269564
cpt:field=undefined, cpt:climit=upper (95.%), cpt:nrow=28, cpt:ncol=1, cpt:row=T, cpt:col=station, cpt:units=none, cpt:missing=-999.00000000000000               
	04.0
cpt:Y	30.751289900000000
cpt:X	-98.669759900000003
1983	6.2965034895372813
1984	5.7699117044146000
1985	6.8551615803803738
1986	6.3845664510405218
1987	7.0310910702776530
1988	6.3210802133463293
1989	6.6309452343586548
1990	7.1884139604291315
1991	6.1039168499619203
1992	7.5685567915086178
1993	6.7335137763660455
1994	6.2627658800024166
1995	6.8436686182615851
1996	6.1624258832936940
1997	8.2050292245339502
1998	6.9886189584488445
1999	7.2603298093909361
2000	6.2526551149413638
2001	7.4176075657033875
2002	6.2189113710741717
2003	6.4501521217958402
2004	6.4958613862169505
2005	7.0140997699923258
2006	6.3920205567025947
2007	7.6266064063537193
2008	6.6965070042574766
2009	6.4923960665428586
2010	7.1521192046886881
