xmlns:cpt=http://iri.columbia.edu/CPT/v10/
cpt:nfields=1
cpt:field=Predictor_scores, cpt:nrow=35, cpt:ncol=4, cpt:row=T, cpt:col=index 
	1	2	3	4
1982	0.38601768997012265	-1.4073603562367689	-0.11556586395372753	0.21585106611834315
1983	5.5408102232021772	-3.0542194913115357	-0.85067774274740582	0.20761007427909794
1984	-0.95760718794470301	0.93052171545648787	-0.83339283498936301	0.70362502731683263
1985	-2.6494263934178419	-0.29798928371210848	1.0653763821706399	-1.0627011808913319E-002
1986	0.89436410548644896	-0.20131548933375248	0.63727139868923455	-5.7366176885454055E-002
1987	3.0837204424526914	3.6371954628608934E-002	0.32510914530435214	-0.36499935856601223
1988	-0.22712345684119903	-0.79383362216057085	0.11977448257178942	-0.10312607714116807
1989	-2.0754776962435395	-0.26621966049524926	0.75650354633362848	0.35064059017280741
1990	-1.1483372053964185	-0.99979560560482450	4.6608060596883799E-002	-5.0626940968525928E-002
1991	0.53761977838863484	-0.25253366329489479	-0.33466247400002447	4.5670202374086553E-002
1992	3.1749523452203747	0.54905463052809689	2.5457654534905259	-0.30422528377373803
1993	-1.1454445976017869	-1.7764070831394185	0.85065836211105517	-0.32922424822828500
1994	-0.70496900454961575	-1.7508153394518728	-0.12339300901811012	5.3436542462390123E-002
1995	8.6816961747570920E-002	-2.6202689801457777	-0.27196016598543993	-0.30206782570018442
1996	-0.45554266028402218	0.31299909662827524	-0.78096826258302410	0.31948454487406486
1997	1.1659854316236145	1.2076329217392858	2.3557095144063678	-0.18563724921277400
1998	4.8662493098600388	-0.26715394282909477	-0.40802848825693289	0.43437169733830883
1999	-1.9152782735184317	1.8406199363687834	9.1519400476043955E-002	0.51109590081936385
2000	-1.9757269761640119	2.0303213950848100	-0.32173455094854081	0.32531679328872298
2001	0.11237983753891985	1.8002825593139098	1.0679185603476551	0.25105006398965735
2002	2.6236098971113586	1.6191421941079753	-0.22880499700627105	0.33970739861998761
2003	1.4656791857971820	1.2992420242472741E-002	-0.30273887507719344	9.5834372703495527E-002
2004	0.90791074669815508	1.0091925081791020	-0.65739746270731492	0.14115785538618564
2005	0.38014656566789295	-0.23929721307528729	0.62418484249434680	-9.4914642012828426E-002
2006	-4.9251396040784980	-2.4865946587700813	0.12032382637955585	6.9113379298573585E-002
2007	0.51468326897698236	-0.36367251576638876	-0.99003429161333023	0.43169071603566855
2008	-3.0845736368886056	-0.14440329752721981	0.32034503907187606	0.36087588059987963
2009	-0.87190271759857874	1.1323153910622998	-0.80146195962515709	0.53398293531461805
2010	2.3362571144090629	-0.76075654159739825	1.3143793750065205	-3.8075806727657459E-002
2011	-2.9690810022245375	0.12492409870617940	-0.30590416255971864	0.29252643739784062
2012	-2.2371872341062136	2.5891681357216805	0.40080565503888982	-0.89812146579800856
2013	-4.0441844117022550	0.40964948269653928	-0.98417850481017222	-0.70365002310025881
2014	-1.7435064121978165	-0.96602669556863663	-1.1274560141352059	-0.92787376463141502
2015	0.97684219057022437	0.84820828913402824	-1.6128763726737343	-0.68173434779692665
2016	4.0764633760375846	2.1952667104213592	-1.5910170117988647	-0.63077125603765738
