xmlns:cpt=http://iri.columbia.edu/CPT/v10/
cpt:nfields=1
cpt:field=X_scores, cpt:nrow=35, cpt:ncol=4, cpt:row=T, cpt:col=index 
	1	2	3	4
1982	-0.77732108823101553	0.94316063026025876	0.49782291789983979	1.1851909509875695
1983	-8.4394516485822926E-002	-1.6921348782884562	-0.95435485340394377	-0.15657147315366673
1984	-0.11196182269083162	0.69569528758003507	-0.89098278945835607	0.72341019506013748
1985	-2.2324297686363907E-002	-0.91695821700412106	-0.68462816183202146	-6.5472556217375397E-002
1986	-1.5095144157583711	-0.10036338456233262	-0.51187675794640786	-3.5066136745436009E-002
1987	-2.3927775494808992	-2.0729984382606830	-0.10850301137666785	-0.96273830673383098
1988	-0.30206468760076705	-2.4457966563881328	-0.11963653807315182	-0.62774212536009000
1989	0.61308975700150403	-0.44302818969194729	0.24143322164053954	0.29557739622651802
1990	0.51283232390992650	-3.8824306923196855E-002	1.2594108738409244	0.67554556682463252
1991	0.79039400598715914	0.11645940671300475	0.43043213263742980	0.13432400380734177
1992	-5.1748164131458880	1.7399862010343456	0.11984803929470685	-0.10010137592762985
1993	-4.1360970762188689	2.0791589427342241	-0.67526364719247522	0.38934087854831989
1994	0.26323835787300170	-1.8567238203481553	-0.24334685023356312	9.4884254379174041E-002
1995	3.0622991460524389	-3.1185171251569384	-0.60657742579342599	4.0197683464154671E-002
1996	1.1056882368235275	-1.7748605944969580	0.88579216255579707	0.19922258633632958
1997	-3.1335454057210610	1.7877932448448011	0.65504713793064462	6.8131687631211163E-002
1998	2.5362411406402257	-3.1793676762090213	1.8191904474411125	-8.6170045234579801E-002
1999	-0.79154105256510510	-0.62753228254746019	-0.45792839499086335	0.15003073636564529
2000	-0.21090223370496680	-0.22334553081511274	-0.97012906638372409	-0.17553489801212691
2001	0.36405457893820753	-0.14839353612874306	0.21569442871578925	0.70775493994242311
2002	-0.36716785001851576	-1.5003719208313797	-0.45435590253798813	0.13611674973413251
2003	-0.23959012298608756	0.95943002726812698	6.6796823931257326E-002	1.0560029403847189
2004	-3.0062961826392853	1.0720938206317143	0.20746690613858948	-0.16773970935531593
2005	1.0703087468746004	-0.71784520270003704	0.58724518231307599	0.60127931966831849
2006	-0.17176133171473312	0.54775108044515164	-0.86829666554577500	0.15386764313984486
2007	-3.0771857923378740	-1.7104266134007486	0.98925774666994148	-0.74913955238415653
2008	0.79944181351187271	-0.38906752247572413	0.19522153254858854	0.57740891885819701
2009	-0.11294056602787485	1.2615295116609073	-4.4668520980896825E-002	0.36656006032303695
2010	0.63293725975537540	-3.0049533741478078	-1.0374129634338252	-0.64868393859927698
2011	4.6786626819883601	2.3106802652413441	-0.85364148254689898	-7.6395649370018456E-002
2012	4.7356201594109999	3.6818771827239076	4.0373226899543417E-002	-0.46590312975366288
2013	2.1225529487458488	2.9580975644509917	-0.61994840427751996	-0.71833736536773762
2014	2.5795780302686184	1.6506657569681495	0.47189013668306806	-0.14585766231631361
2015	-0.64075217857117783	1.7321900085512347	-0.12125856171193798	-1.0214906067649936
2016	0.39601539580626882	2.4249403392693099	1.5398870805793943	-1.3519019803854073
