xmlns:cpt=http://iri.columbia.edu/CPT/v10/
cpt:nfields=2
cpt:field=undefined, cpt:climit=lower (95.%), cpt:nrow=35, cpt:ncol=1, cpt:row=T, cpt:col=station, cpt:units=none, cpt:missing=-999.00000000000000               
	10.0
cpt:Y	30.751289900000000
cpt:X	-98.669759900000003
1982	3.2662022046380024
1983	2.9673874679367036
1984	2.4614051147423184
1985	3.1747843742602306
1986	3.8846949204693875
1987	3.8640779446259277
1988	3.4084474048449618
1989	3.3010561182962377
1990	3.9899736543012394
1991	3.7066348625877810
1992	3.7631830897477885
1993	3.4892999427487732
1994	3.6204217096765028
1995	3.4876744419219339
1996	3.7642793348225112
1997	3.4559144114679667
1998	3.6850172949683699
1999	3.0567293884631876
2000	3.2540542076758143
2001	3.4730252586184154
2002	3.2959714183167312
2003	3.5141961064497709
2004	3.3889036319819743
2005	3.1689476453482737
2006	3.1266804565690007
2007	3.9506613571355151
2008	3.2165704838721627
2009	3.4439390812465862
2010	3.1816580072015093
2011	1.9353217981684741
2012	2.5457499452585219
2013	3.2069353123121376
2014	2.5480030576622918
2015	2.5641321246805568
2016	3.3844321647092745
cpt:field=undefined, cpt:climit=upper (95.%), cpt:nrow=35, cpt:ncol=1, cpt:row=T, cpt:col=station, cpt:units=none, cpt:missing=-999.00000000000000               
	10.0
cpt:Y	30.751289900000000
cpt:X	-98.669759900000003
1982	7.2327909694110648
1983	6.9971823889792653
1984	6.6841821894770117
1985	7.0767165074149645
1986	7.8526352723176487
1987	7.8515198845021388
1988	7.3011953486168242
1989	7.1877232965621030
1990	8.0428794243116997
1991	7.6377274213112178
1992	7.8680032352860012
1993	7.4013870914624027
1994	7.5123724690595282
1995	7.5516146413264202
1996	7.7166125403712176
1997	7.7724121491335936
1998	7.7008327264471657
1999	7.0529081603421471
2000	7.1632353714366790
2001	7.3568192441504845
2002	7.2953527419804951
2003	7.4230297938996754
2004	7.3309595968219030
2005	7.1514907000343815
2006	7.1484228410999036
2007	7.9465953180289945
2008	7.1678981040308862
2009	7.3202272045072387
2010	7.1477319307305702
2011	6.2765266029493567
2012	6.7125776617506032
2013	7.4430509943026548
2014	6.7335103403029510
2015	6.7800424852752226
2016	7.6031476146387735
