xmlns:cpt=http://iri.columbia.edu/CPT/v10/
cpt:nfields=3
cpt:field=undefined_relodds_B, cpt:nrow=28, cpt:ncol=1, cpt:row=T, cpt:col=station, cpt:missing=-999.00000000000000               
	08.0
cpt:Y	30.751289900000000
cpt:X	-98.669759900000003
1983	2.9047328079206864
1984	3.9311400427641665
1985	3.6351288348279041
1986	2.4172965626494634
1987	0.24136229035189383
1988	7.0916085951815103E-002
1989	1.7752466823418493
1990	0.23030569642121237
1991	1.4344360600432480
1992	0.23814106236105359
1993	2.2412159149262902
1994	2.6912879250963502
1995	0.88944487724385357
1996	6.0491417361486013E-002
1997	0.18901396406991247
1998	0.57461507385633603
1999	3.1053858024726866
2000	6.2923714247245623
2001	0.89651690799371209
2002	0.56170320091839243
2003	1.0707913613987554
2004	0.22478917077502139
2005	1.0603918639940544
2006	1.7210745806855698
2007	9.5158107834345806E-003
2008	0.43314525464877168
2009	2.0435646105063805
2010	0.42841441518437068
cpt:field=undefined_relodds_N, cpt:nrow=28, cpt:ncol=1, cpt:row=T, cpt:col=station, cpt:missing=-999.00000000000000               
	08.0
cpt:Y	30.751289900000000
cpt:X	-98.669759900000003
1983	0.87154259491798824
1984	0.70315562458156389
1985	0.73590729664574528
1986	0.97797907004049212
1987	0.84854930254727068
1988	0.34071642698122595
1989	1.1289304584066757
1990	0.82932945773403455
1991	1.2432235613408074
1992	0.80425121172785530
1993	0.95938323060124431
1994	0.89880165125027234
1995	1.1756651190184588
1996	0.27296197930282284
1997	0.66679454138322636
1998	1.2149175907005427
1999	0.79827517764625622
2000	0.47759652581142920
2001	1.3470565387077331
2002	1.0720785531816510
2003	1.2461069106385123
2004	0.76330352907018784
2005	1.2037592608478516
2006	1.0766249113065036
2007	6.1839058832492591E-002
2008	1.0652143029986347
2009	1.0158781913512085
2010	1.1759476190495779
cpt:field=undefined_relodds_A, cpt:nrow=28, cpt:ncol=1, cpt:row=T, cpt:col=station, cpt:missing=-999.00000000000000               
	08.0
cpt:Y	30.751289900000000
cpt:X	-98.669759900000003
1983	0.23278868350292461
1984	0.16703344620418797
1985	0.18802912521223913
1986	0.28404891006842836
1987	2.9312855036165613
1988	9.1231878646201263
1989	0.40663101782239808
1990	3.0456547027908534
1991	0.49690273036170812
1992	3.0864905675012180
1993	0.34570915156977478
1994	0.26311528664675438
1995	0.94969504123812654
1996	11.382524696715215
1997	3.9456109841821210
1998	1.3273168761546825
1999	0.23831109696560354
2000	0.10176641202373013
2001	0.80908519205913720
2002	1.5196122702609640
2003	0.73007936252939221
2004	3.3012847658357125
2005	0.76923052251360058
2006	0.46166614357586999
2007	55.591146477893147
2008	1.8056403760855964
2009	0.37464783235252397
2010	1.6584203621116671
