xmlns:cpt=http://iri.columbia.edu/CPT/v10/
cpt:nfields=1
cpt:field=X_scores, cpt:nrow=35, cpt:ncol=4, cpt:row=T, cpt:col=index 
	1	2	3	4
1982	3.2562839773041792	-1.0113189499131796	0.63822596671408716	0.25755111081969922
1983	2.5449146910349989	-0.46842120483505256	0.86949823540633953	0.32914033260449199
1984	1.8133732134056595	-1.6801800781976135	-0.59746094997696753	-0.93973626017535228
1985	1.3166581886372459	-1.0312492988708670	-0.24295029987215880	0.32181446049138096
1986	-0.74251517993362193	0.73899480026235065	0.78896228715745975	-0.17776676311507725
1987	-2.1873643565694723	1.3208280750131618	1.4715720462946826	0.19448925772209533
1988	0.50160704739735495	0.91705687138260195	-0.15051291674149814	0.34652685340205730
1989	1.7488670544701947	-0.26687111606689606	0.16782045200954171	0.40721747420023657
1990	1.8784501636478119	0.57016988833548021	-0.24060279472524287	0.35178970611017141
1991	2.0856636775672253	-0.19484277546255996	0.38098378513714509	5.8810012941001612E-002
1992	-4.5671207056125658	-0.83343691024252653	1.2405989226814633	-0.77342534743690461
1993	-1.4799598839049497	-0.85449974979530918	0.12811771796924704	-0.76318808457664999
1994	2.2253543501693733	-1.3952921168318548	0.43653519031545529	0.15096698869863903
1995	2.0650407165186602	2.1996004902821182	1.4032723264155000E-002	0.61039719631384648
1996	2.2171000426891641	0.92608119094140595	0.23553688593608610	-0.42982029533390387
1997	-1.1726179184859571	-0.35173896350269990	2.3584796618066504	0.30675244618075342
1998	3.7019827459337762	0.86502049319113505	-0.44619050068403371	0.68972522006214876
1999	-3.4083231947446082	2.2244328233763357	-0.80900369381283188	-0.89160027136753484
2000	0.52102933493120984	-0.43027205408534186	-9.3824446434278327E-002	-0.25381488464993962
2001	-0.57996626739559098	-0.68504570227452610	7.2373239501994147E-002	-0.57927407642419015
2002	2.5371693058182885	6.5570252462346504E-002	-0.46128116356685595	5.1012948576300669E-002
2003	2.4739983767231086	-0.23583213904069045	0.86184066396261905	-0.20134256715547644
2004	-0.52977565698281071	-0.58836072340100665	1.5743650945874506	-0.23210882579341044
2005	-1.4099264326467791E-002	2.2940244498416571	-1.9973503115071959E-002	6.8222450885968830E-002
2006	1.1577531343665994	1.3571503344511568	-0.64235676472110137	-0.84221244597124312
2007	-2.1131418561379451	0.42828325739824463	1.5282525685645723	0.33923960400373465
2008	-0.23516165472335643	1.5635485527097073	-1.0087243102054690	-0.63921205868470288
2009	1.3079378485030049	9.7168089929460952E-002	-0.45361069715200492	-0.32784646911083321
2010	-1.6838454803335843	3.3219279555854331	-1.1733784274760453	0.14429799558058090
2011	0.90116611076498399	-2.0987792128036036	-2.2550171662812040	-3.0354462748731628E-002
2012	-3.6027238351591881	-0.32859088773794748	-1.9475085227445641	0.70914876621983058
2013	-1.0612373188083246	-1.7022402800314955	-1.3171622813790553	0.33417083776906448
2014	-0.60601403755428906	-2.6594574018929009	-0.55272798112112143	0.13560307471327426
2015	-4.6571753002073262	-2.2399898768140925	-4.5721226123049172E-002	0.12719204473453119
2016	-5.6133080690024473	0.16656191663782866	-0.30918779517646477	1.1476340305139257
