xmlns:cpt=http://iri.columbia.edu/CPT/v10/
cpt:nfields=1
cpt:field=X_loadings, cpt:nrow=9, cpt:ncol=4, cpt:row=station, cpt:col=mode 
Station	Latitude	Longitude	1	2	3	4
PRATE_1	30.708539999999999	-99.375339999999994	-0.33801920562286825	0.37558240163146095	7.1263131840760802E-002	0.10785175293879537
PRATE_2	29.763670000000001	-99.375339999999994	-0.27646438329445394	0.52956905545358901	-7.9720589987476970E-002	-0.59999829186202303
PRATE_3	30.708539999999999	-98.437839999999994	-0.33550482847787227	0.15861213224538465	0.40640866292974609	0.65763913786202322
PRATE_4	29.763670000000001	-98.437839999999994	-0.34437921270067590	0.34023489424547354	0.16815444823938613	-3.1313866608888880E-002
TMP_1	30.708539999999999	-99.375339999999994	0.36843132467181283	0.19109128793893260	0.23396824922598766	-3.1563834464581039E-002
TMP_2	29.763670000000001	-99.375339999999994	0.36204625500049059	0.20648448359271021	0.31478791117585675	7.5840000472357616E-002
TMP_3	30.708539999999999	-98.437839999999994	0.36117997430790727	0.24720273698159212	0.20269050696119245	-6.1363152631875237E-002
TMP_4	29.763670000000001	-98.437839999999994	0.35553375943106591	0.28254267346743123	0.26188798271566199	-3.6801462600917947E-002
07.0	30.751289900000000	-98.669759900000003	-0.23340002063376813	-0.46635351991923346	0.72912340933058928	-0.42782296548050713
