xmlns:cpt=http://iri.columbia.edu/CPT/v10/
cpt:nfields=1
cpt:field=X_scores, cpt:nrow=35, cpt:ncol=4, cpt:row=T, cpt:col=index 
	1	2	3	4
1982	6.2251190878296551E-002	0.55856749524309157	-0.28122544205262934	-6.7718978031483679E-003
1983	1.7260902057205929	0.77161786711320279	-0.93167361995099318	0.23245292357966363
1984	-2.3911079135593178	-1.8138308629289244	-0.94011402427686930	-0.24310383289489412
1985	0.29823954826443194	7.2883990986658598E-002	9.2701242701491979E-002	0.59749200678631609
1986	-0.96213038578367904	-0.45939207578363106	-0.55576991675766629	0.20482126576531998
1987	3.0378536523557322	1.6471897738772077	-0.19535976292023580	0.12624628302108862
1988	-3.5072563665917298	-0.91683101216777696	0.78958815727670550	0.12455549914617890
1989	-2.4284613304177811	-0.61232643083394744	0.47762155277616442	-5.1234512119344489E-002
1990	-0.66795999926689675	-0.16510164435937344	0.68307979292183951	-9.6115770949119651E-003
1991	-1.4347303686465582	0.32644679207318811	-8.9961285017236145E-002	-6.8822123078366798E-002
1992	3.7252950456178957	2.4179708186121527	0.41738587975120622	4.0376442660247772E-002
1993	2.1550975904221565	1.0679698076722741	0.18312859430944933	-5.0307503970478860E-002
1994	-1.3183092064845277	0.21672176972458393	-0.79070388156923088	-8.9228010749286879E-002
1995	-0.96137414607212657	0.11183046241394864	0.28795928255781961	-0.18407846148786478
1996	-3.6219486081625956	-0.10573209671372824	-0.33336728472620997	0.19085579900838084
1997	1.1575982011154902	1.5561281833944485	1.3656326403807855	-0.24173646377184027
1998	0.81571085105693708	1.6624056551501367	-0.67702657278809553	0.61813252180660305
1999	-3.2873800889206426	-0.67028482829815239	0.84874993867961013	-0.29085634798876853
2000	-3.2944536666025046	2.0089891339852076E-002	-0.62470546050139775	2.2698812874558608E-002
2001	-1.9045974070763474	-0.11762664267342456	1.5717135893536103	-0.24219412495721915
2002	1.5580209313835103	2.1788895024350183	-1.2657214438939925	-0.21485505837499611
2003	-0.80765194701580223	-0.63759425051861729	-0.47343605328162791	-6.9034724052496291E-002
2004	2.3558848342105136	2.5501625027759980	0.37343380200397025	-0.85633240809964095
2005	-0.74649485419989492	0.12838807607269717	0.40645897613095716	0.14441756791855734
2006	-1.7481810782467349	0.87757885684635240	-0.91758606012525090	-0.18909547250039943
2007	1.2778249714617378	2.5192345738502828	-0.51842071555385449	-0.40633950502206068
2008	-1.5055714813800558	1.3107848300316525	-0.12605970012679971	9.8709881319172674E-002
2009	2.1530113637183924E-002	1.7584282202041408	0.36706518854319753	0.49038843142375660
2010	-0.50886308786099599	0.96554990185547240	1.8958447190733658	0.44614268296304849
2011	-1.3649441073089230	-0.47412180075196836	-1.3883867461481805	5.0257091387145153E-003
2012	1.7548615256691735	-2.9921335158073057	0.38520330590902563	-0.13940695094718888
2013	1.0327261402320598	-3.6764079221024186	2.0467250612412977E-002	-0.10028690875886016
2014	1.6924585109764920	-5.0181622651420614	-0.17515856358696172	-0.12805279848794821
2015	4.4881017807133743	-2.8309643512067844	-0.43449634950581628	0.10988203619235626
2016	5.3018709498825389	-2.2283292723853640	0.55313896980168098	0.12915081855562369
