xmlns:cpt=http://iri.columbia.edu/CPT/v10/
cpt:nfields=3
cpt:field=undefined_prob_B, cpt:nrow=35, cpt:ncol=1, cpt:row=T, cpt:col=station, cpt:units=%, cpt:missing=-999.00000000000000               
	07.0
cpt:Y	30.751289900000000
cpt:X	-98.669759900000003
1982	25.214646115225563
1983	19.337162073252927
1984	67.419938510241337
1985	42.339921742340259
1986	12.509346078069427
1987	4.3423578764456039
1988	26.245213290537151
1989	27.558856507767928
1990	29.323221553986670
1991	27.464870726069918
1992	7.0853203495367723
1993	26.211648742464448
1994	33.564932441262911
1995	23.553467013719910
1996	24.200396083374017
1997	2.3401725932925785
1998	41.239733207112693
1999	28.881030761061396
2000	29.878488941691245
2001	32.165863071869722
2002	44.391857887533767
2003	19.279737013562496
2004	5.7684251253353978
2005	18.609477736362606
2006	46.789394198094449
2007	4.6410671394124563
2008	46.821390318488696
2009	41.920258081746972
2010	32.784950304462996
2011	88.992275032476627
2012	72.817905088209727
2013	77.986883601358684
2014	68.696186667687684
2015	42.864065862548543
2016	28.128210296783067
cpt:field=undefined_prob_N, cpt:nrow=35, cpt:ncol=1, cpt:row=T, cpt:col=station, cpt:units=%, cpt:missing=-999.00000000000000               
	07.0
cpt:Y	30.751289900000000
cpt:X	-98.669759900000003
1982	24.130077501495677
1983	21.555106144316248
1984	18.695868942029744
1985	25.286253504679799
1986	18.094861224369794
1987	8.8816968850264999
1988	24.733308198939582
1989	23.558501316504739
1990	25.328667712246933
1991	23.739793845290919
1992	12.773220291060099
1993	24.853017630537806
1994	25.147488896193245
1995	24.048556801540066
1996	23.268634757336571
1997	5.5630753779871327
1998	25.742454427804091
1999	25.166809881221376
2000	25.149388148785903
2001	25.821526544664678
2002	25.368443299964991
2003	22.051336856350673
2004	11.148621576681180
2005	21.518615057645299
2006	24.679614829390150
2007	9.3579409326810605
2008	24.836000229652175
2009	25.671421441961982
2010	23.955465985206104
2011	7.3010022980836169
2012	15.906395958849124
2013	13.483135484966478
2014	17.593318125106578
2015	23.448381043756427
2016	22.841549729646495
cpt:field=undefined_prob_A, cpt:nrow=35, cpt:ncol=1, cpt:row=T, cpt:col=station, cpt:units=%, cpt:missing=-999.00000000000000               
	07.0
cpt:Y	30.751289900000000
cpt:X	-98.669759900000003
1982	50.655276383278760
1983	59.107731782430825
1984	13.884192547728919
1985	32.373824752979942
1986	69.395792697560779
1987	86.775945238527896
1988	49.021478510523266
1989	48.882642175727334
1990	45.348110733766397
1991	48.795335428639163
1992	80.141459359403129
1993	48.935333626997746
1994	41.287578662543844
1995	52.397976184740024
1996	52.530969159289413
1997	92.096752028720289
1998	33.017812365083216
1999	45.952159357717228
2000	44.972122909522852
2001	42.012610383465599
2002	30.239698812501242
2003	58.668926130086831
2004	83.082953297983423
2005	59.871907205992095
2006	28.530990972515401
2007	86.000991927906483
2008	28.342609451859129
2009	32.408320476291046
2010	43.259583710330901
2011	3.7067226694397548
2012	11.275698952941152
2013	8.5299809136748372
2014	13.710495207205733
2015	33.687553093695030
2016	49.030239973570438
