xmlns:cpt=http://iri.columbia.edu/CPT/v10/
cpt:nfields=3
cpt:field=undefined_relodds_B, cpt:nrow=35, cpt:ncol=1, cpt:row=T, cpt:col=station, cpt:missing=-999.00000000000000               
	13.0
cpt:Y	30.751289900000000
cpt:X	-98.669759900000003
1982	0.67274875760900588
1983	7.8605240904981253
1984	3.9568058278779559E-005
1985	1.2600642877862740
1986	1.0509564619469902E-003
1987	0.10061406811238627
1988	0.43548028743213218
1989	0.54560579100614137
1990	0.42627144128468447
1991	3.5124124660606680E-006
1992	4.5053324979329984E-002
1993	1.0684516410503193
1994	0.21673774061696874
1995	1.4632524432471068
1996	8.4907618391265316E-002
1997	9.1042830299773447E-002
1998	0.11802357958830434
1999	1.1603326897222364
2000	7.5575868810205003E-003
2001	0.11571066141799247
2002	0.37660657672387632
2003	0.95710457706622976
2004	1.6810629752666839E-002
2005	1.4481675609610538
2006	4.4812649856752884
2007	0.24016653857052586
2008	4.3042919442779954
2009	0.69390196706301177
2010	3.1290300588456654
2011	3.0337917335925084
2012	80.394625323474131
2013	3.8027594512305520
2014	46.039568732538939
2015	1.1333440231319072
2016	0.42094669475010882
cpt:field=undefined_relodds_N, cpt:nrow=35, cpt:ncol=1, cpt:row=T, cpt:col=station, cpt:missing=-999.00000000000000               
	13.0
cpt:Y	30.751289900000000
cpt:X	-98.669759900000003
1982	2.0122300337272581
1983	0.45280424771387184
1984	1.2593759993824018E-003
1985	1.7673337628277521
1986	2.9285947394453005E-002
1987	0.89864839941194485
1988	1.8668656894848223
1989	2.0437428032327789
1990	1.9463794246230710
1991	1.1406568447602424E-004
1992	0.55833427057235407
1993	1.9032610777559091
1994	1.2638825814085382
1995	1.6658952977715855
1996	0.79660348176208196
1997	0.86322518501465262
1998	0.98482148089643085
1999	1.8081484957080145
2000	0.14930315900257721
2001	0.99691095737750479
2002	1.8217559210280823
2003	1.9626399739263309
2004	0.27138134888777232
2005	1.6556307156727932
2006	0.75103965390412675
2007	1.4749076688924450
2008	0.77784694708251845
2009	2.0365534968035259
2010	1.0085480784541543
2011	0.98735203782389480
2012	4.7435072723602562E-002
2013	0.83812714713199588
2014	8.2277755283240647E-002
2015	1.6584421209467866
2016	1.6890251856936016
cpt:field=undefined_relodds_A, cpt:nrow=35, cpt:ncol=1, cpt:row=T, cpt:col=station, cpt:missing=-999.00000000000000               
	13.0
cpt:Y	30.751289900000000
cpt:X	-98.669759900000003
1982	0.65522868580688387
1983	3.7120853173823048E-002
1984	3079.3062114343829
1985	0.33744327941473640
1986	131.71796276643246
1987	3.5878298386653733
1988	1.0230112468823753
1989	0.77877698177633825
1990	0.99000018022239089
1991	34019.825747529838
1992	6.3239092792839537
1993	0.39287858917292873
1994	2.1236590694782320
1995	0.28066073570440142
1996	4.1430408767653049
1997	3.7966571552533028
1998	3.1858259589099696
1999	0.37539387278104708
2000	25.311057446227498
2001	3.1634579400442004
2002	1.1488905385253501
2003	0.44215538212244149
2004	13.647762124593088
2005	0.29126419931688863
2006	7.3784457291327404E-002
2007	1.7618424700076101
2008	7.7331280867221783E-002
2009	0.62429205911660646
2010	0.11575231172927412
2011	0.14317257246267542
2012	2.2132075937297785E-003
2013	0.10383182177155002
2014	4.2470075128611664E-003
2015	0.45391690315776179
2016	1.1659182478607963
