xmlns:cpt=http://iri.columbia.edu/CPT/v10/
cpt:nfields=1
cpt:field=Predictor_scores, cpt:nrow=35, cpt:ncol=4, cpt:row=T, cpt:col=index 
	1	2	3	4
1982	4.2059543538671278	1.9673272821414909	-0.70319352188819795	0.23392199053724708
1983	-0.65552160469636866	-1.6502806645498600	-1.7807551863946138	-5.1939554346910936E-002
1984	0.90335402334165948	-1.5749023748922235	-0.50984835391850225	-0.17492977582067107
1985	0.19319967449648606	-1.1304733676150294	1.6976980340781567	-4.7267747620764002E-002
1986	2.0570326042037776	-1.0891397887464618	1.6275494804181143	-7.7604602403626058E-002
1987	-4.0567377712543796E-002	-0.74506862047487799	0.34680154345718733	0.12093711483445344
1988	-2.1558480428163302	-1.3094620835653359	-0.44633320334599802	5.6028392517455316E-003
1989	-0.28804939239247451	-1.6675444172583738	-1.1533876658534103	7.6262399495946737E-003
1990	0.79914384049345766	-0.34851854600423116	9.0793722077317313E-002	-0.22679156778902024
1991	2.3169539481925536	1.0649388646415514	0.18595328005227196	0.37938066111645807
1992	1.2275672817092227	-0.63774415835658260	-0.37242715849432079	0.24314911219286739
1993	1.1080898577989828	-1.2383624730717822	-0.89532944581819485	4.2487357086774209E-002
1994	1.9678594220373109	0.21218473935289123	-0.11891618735151921	0.14614894805001519
1995	0.17495577572768886	0.37898223494947841	-0.14357872900974006	-6.6473882814875748E-002
1996	0.11745410488170756	-1.9918128116111244	2.4059170069381635	0.10353666299783611
1997	4.2873899602106667	1.5580445595914854	0.25808325325045284	2.8179757861007258E-002
1998	-1.9680715135406426	-1.2498399564545803	0.13380949533097433	0.34496149492036499
1999	-2.4863192438802413	-0.54456897139036531	-0.78886509150411865	-3.6017446806344632E-002
2000	-0.85850719047761026	-1.3101795720072476	2.1373224222559259	4.8876276938328835E-002
2001	2.1385239507005793	-0.26979174479430179	-0.58850922851369880	4.3987472701536114E-002
2002	4.0039067582335077	1.7374364417035817	0.25467071796265439	-0.47271900864990080
2003	0.14428730140517620	-0.95062610254620816	0.63921614690741657	-0.17223102912344571
2004	2.1406607383622220	-0.19085774118468213	-0.43818000378292965	-8.4363665244368349E-002
2005	-1.2599762413463431	-0.40478434193221169	-0.71727080273975630	-2.7046661845840883E-002
2006	0.64411752130171640	-0.43201022282550039	-1.0389253045479228	-9.0793981834357537E-002
2007	-0.61695172471409265	-1.2789043736217551	9.7673060137889567E-002	-4.8576699448169600E-002
2008	0.21416788377205789	-0.13563126687045618	-0.87117714193404128	0.28860658235805925
2009	4.3599566548759068	1.4946897355084838	0.32109189060516002	-0.17873011997068547
2010	-2.0604885340647225	-0.89961010919651108	-1.1756307588263120	-0.19454295056770046
2011	-4.9712603791893804	1.5542492038616582	0.37666848472773723	-0.14068089161252884
2012	-3.2648619073495744	2.5484870662871320	-0.34010552510021963	-4.9026365828711678E-002
2013	-3.4685817190231032	1.2041776769621888	0.57153518032950212	-3.5328837682808027E-002
2014	-3.4547098862017149	2.5227934453412635	-0.28341113910282612	1.4213397775975512E-002
2015	-1.0026637859276792	4.1842251292154602	0.49971277724968255	0.12725781901667993
2016	-4.4521971122790864	0.62257732941315869	0.72134795234767668	-3.8089381784854638E-003
