xmlns:cpt=http://iri.columbia.edu/CPT/v10/
cpt:nfields=1
cpt:field=X_loadings, cpt:nrow=9, cpt:ncol=4, cpt:row=station, cpt:col=mode 
Station	Latitude	Longitude	1	2	3	4
PRATE_1	30.708539999999999	-99.375339999999994	0.32744864165297327	0.42069446001833477	-2.6202094042227959E-002	0.63090492453855673
PRATE_2	29.763670000000001	-99.375339999999994	0.35209934590693631	0.33352485992631165	-5.6502919627785239E-002	0.30990508684362295
PRATE_3	30.708539999999999	-98.437839999999994	0.35375176640448003	0.32169259671744882	-8.1369842312273566E-002	-0.42676360836685351
PRATE_4	29.763670000000001	-98.437839999999994	0.34816673708034096	0.34230762995886099	-0.11018398526968665	-0.55728086026803858
TMP_1	30.708539999999999	-99.375339999999994	-0.35022517643840939	0.35199653464807673	5.7205022982199691E-002	-7.2185423674527988E-002
TMP_2	29.763670000000001	-99.375339999999994	-0.34991549185649323	0.35357013864249071	5.1848722723735391E-002	-6.6048784169595531E-002
TMP_3	30.708539999999999	-98.437839999999994	-0.35117198473342298	0.34838041474990955	5.6026047384482323E-002	6.8047936747215182E-003
TMP_4	29.763670000000001	-98.437839999999994	-0.35161779798175458	0.34712016758570796	5.0709089178396817E-002	1.9336281294986948E-002
12.0	30.751289900000000	-98.669759900000003	0.17432063640439299	1.8492467119709588E-002	0.98269439505890932	-5.6879736474730935E-002
