xmlns:cpt=http://iri.columbia.edu/CPT/v10/
cpt:nfields=3
cpt:field=undefined_prob_B, cpt:nrow=35, cpt:ncol=1, cpt:row=T, cpt:col=station, cpt:units=%, cpt:missing=-999.00000000000000               
	12.0
cpt:Y	30.751289900000000
cpt:X	-98.669759900000003
1982	29.058048775447602
1983	35.543362165641284
1984	28.815153900723828
1985	30.206708810087605
1986	11.827651645852967
1987	21.723643060048062
1988	33.574808813059647
1989	29.927881697648900
1990	28.408664127867411
1991	26.764605124318777
1992	20.187193345994402
1993	31.053085245924180
1994	23.863535531811991
1995	33.530789413825588
1996	16.745254890110246
1997	21.889169441434419
1998	24.998597204069739
1999	41.106808862593894
2000	3.1173909471439458
2001	7.3659388885472907
2002	26.332755152561788
2003	31.514485771405560
2004	6.1650731433917940
2005	37.857861172871907
2006	40.556614146024913
2007	25.061726509092423
2008	39.040237676962761
2009	22.411090274571009
2010	48.410378895484207
2011	67.163928289179623
2012	74.988832028152117
2013	62.319414743581653
2014	70.549078830488753
2015	55.926610248258953
2016	42.048520518061316
cpt:field=undefined_prob_N, cpt:nrow=35, cpt:ncol=1, cpt:row=T, cpt:col=station, cpt:units=%, cpt:missing=-999.00000000000000               
	12.0
cpt:Y	30.751289900000000
cpt:X	-98.669759900000003
1982	29.147093685011697
1983	29.188363181859728
1984	28.746830894125509
1985	30.122713167674149
1986	20.463839024492415
1987	28.148016768225069
1988	30.190930530354002
1989	30.023771825519617
1990	28.849468399091940
1991	29.049755726226742
1992	27.277156705057990
1993	29.715782233089783
1994	28.553639397342181
1995	30.333647156519419
1996	25.598631523900380
1997	28.159348753313800
1998	29.305394716374558
1999	28.890213472870322
2000	7.8624031074857754
2001	15.816256042723552
2002	29.278416413556904
2003	29.652186772437879
2004	13.742588516013726
2005	29.927921877260282
2006	29.508821645872704
2007	29.251240355058115
2008	29.781569540251297
2009	27.970908718604349
2010	28.452559277034599
2011	20.314413149212157
2012	16.767931128945943
2013	22.894437740046165
2014	18.948647621331631
2015	24.196937326604075
2016	28.109899786299046
cpt:field=undefined_prob_A, cpt:nrow=35, cpt:ncol=1, cpt:row=T, cpt:col=station, cpt:units=%, cpt:missing=-999.00000000000000               
	12.0
cpt:Y	30.751289900000000
cpt:X	-98.669759900000003
1982	41.794857539540700
1983	35.268274652498988
1984	42.438015205150663
1985	39.670578022238246
1986	67.708509329654618
1987	50.128340171726869
1988	36.234260656586351
1989	40.048346476831483
1990	42.741867473040649
1991	44.185639149454481
1992	52.535649948947608
1993	39.231132520986037
1994	47.582825070845828
1995	36.135563429654994
1996	57.656113585989374
1997	49.951481805251781
1998	45.696008079555703
1999	30.002977664535784
2000	89.020205945370279
2001	76.817805068729157
2002	44.388828433881308
2003	38.833327456156560
2004	80.092338340594480
2005	32.214216949867811
2006	29.934564208102383
2007	45.687033135849461
2008	31.178192782785942
2009	49.618001006824642
2010	23.137061827481194
2011	12.521658561608218
2012	8.2432368429019434
2013	14.786147516372180
2014	10.502273548179607
2015	19.876452425136971
2016	29.841579695639638
