xmlns:cpt=http://iri.columbia.edu/CPT/v10/
cpt:nfields=2
cpt:field=undefined, cpt:climit=lower (95.%), cpt:nrow=35, cpt:ncol=1, cpt:row=T, cpt:col=station, cpt:units=none, cpt:missing=-999.00000000000000               
	10.0
cpt:Y	30.751289900000000
cpt:X	-98.669759900000003
1982	3.2558410668948752
1983	2.8400983969366171
1984	2.3922803640815760
1985	3.0279785792534764
1986	3.9168841734114466
1987	3.8838749517019631
1988	3.3102396165638699
1989	3.2465831368099423
1990	4.0193172251750129
1991	3.6032493795960914
1992	3.6569249525516176
1993	3.4316642872297063
1994	3.6311781249310164
1995	3.5413573170654558
1996	3.7255104183961438
1997	3.5680991358168681
1998	3.7142722760116351
1999	2.8629314177875558
2000	3.1255598514153640
2001	3.3941291659865573
2002	3.1927287747977298
2003	3.4698972109336710
2004	3.3251294799365709
2005	3.0385734745181301
2006	3.1425279730448903
2007	3.7720014597382323
2008	3.1105399184842435
2009	3.4139215822057514
2010	3.1113582400561457
2011	1.8505738760728319
2012	2.6792592230514991
2013	3.3024241770665386
2014	2.7255813816734724
2015	2.5114784379900805
2016	3.6237830318596722
cpt:field=undefined, cpt:climit=upper (95.%), cpt:nrow=35, cpt:ncol=1, cpt:row=T, cpt:col=station, cpt:units=none, cpt:missing=-999.00000000000000               
	10.0
cpt:Y	30.751289900000000
cpt:X	-98.669759900000003
1982	7.2050729133098823
1983	6.8435423920533021
1984	6.6628062124601959
1985	7.1214112757909600
1986	8.0431050383402773
1987	7.9441722239864179
1988	7.3053947132415828
1989	7.2005681865708056
1990	8.1270813772138943
1991	7.6805895896789167
1992	7.7334421181657937
1993	7.4036950960301180
1994	7.6893680737602921
1995	7.5976743412255114
1996	7.8172647519134415
1997	7.5438236467449196
1998	7.7093293456832717
1999	7.0171779116196262
2000	7.1728719158751861
2001	7.3340298702154669
2002	7.1583496226092089
2003	7.4283562239909005
2004	7.3031938795800393
2005	7.1198743618854055
2006	7.1069900768327532
2007	7.8498952942868332
2008	7.0959287984068302
2009	7.4344460864666155
2010	7.1323160264647258
2011	6.3170856371015356
2012	6.7426052171375233
2013	7.7603375333604800
2014	6.8775039083451484
2015	7.4150883050487337
2016	7.6755359555561746
