xmlns:cpt=http://iri.columbia.edu/CPT/v10/
cpt:nfields=3
cpt:field=undefined_prob_B, cpt:nrow=35, cpt:ncol=1, cpt:row=T, cpt:col=station, cpt:units=%, cpt:missing=-999.00000000000000               
	11.0
cpt:Y	30.751289900000000
cpt:X	-98.669759900000003
1982	48.707150062610282
1983	64.277857594837968
1984	34.569898820663965
1985	10.423806205879629
1986	3.6979141910471611
1987	7.3394664987549305
1988	47.488968877563174
1989	33.619758635620741
1990	23.468640702715760
1991	33.271934189490239
1992	33.447473504881827
1993	32.888440119013495
1994	25.764189853481838
1995	29.846519947923440
1996	6.3393132538086689
1997	9.9857158148960821
1998	32.795972916038110
1999	68.401159550523332
2000	1.8158371378174110
2001	31.418298120622751
2002	30.844498128535534
2003	13.667065897609390
2004	23.381098537321819
2005	50.212689187220114
2006	38.503443998305379
2007	35.743752059494668
2008	48.260135833369269
2009	21.834548800890261
2010	68.812323106817928
2011	59.317133866897642
2012	74.435495845357337
2013	53.397799709178244
2014	77.840693052319267
2015	21.737382467544251
2016	44.624382071760053
cpt:field=undefined_prob_N, cpt:nrow=35, cpt:ncol=1, cpt:row=T, cpt:col=station, cpt:units=%, cpt:missing=-999.00000000000000               
	11.0
cpt:Y	30.751289900000000
cpt:X	-98.669759900000003
1982	23.278802419355404
1983	19.066811952219080
1984	24.230550312832101
1985	14.186403218738121
1986	7.2221189702237751
1987	11.417905888471481
1988	23.284463594121252
1989	23.781248376498411
1990	22.269464876314281
1991	23.715174078148422
1992	24.188249019221686
1993	23.777415446013684
1994	22.842727050517681
1995	23.637185835412808
1996	9.4678695697162709
1997	13.311598865314537
1998	24.030797843877991
1999	17.137846727081786
2000	4.0544113643321396
2001	23.604464587577120
2002	23.480812244307621
2003	17.149346892566271
2004	21.911642595351189
2005	22.777876678453037
2006	23.870434025275216
2007	23.775820035432737
2008	23.094384074841258
2009	21.805763859826854
2010	17.357881570870681
2011	20.210258278799103
2012	14.901784295242793
2013	20.506837808292072
2014	12.500642120306685
2015	19.688869175495164
2016	23.578400658265533
cpt:field=undefined_prob_A, cpt:nrow=35, cpt:ncol=1, cpt:row=T, cpt:col=station, cpt:units=%, cpt:missing=-999.00000000000000               
	11.0
cpt:Y	30.751289900000000
cpt:X	-98.669759900000003
1982	28.014047518034314
1983	16.655330452942959
1984	41.199550866503934
1985	75.389790575382250
1986	89.079966838729064
1987	81.242627612773589
1988	29.226567528315574
1989	42.598992987880848
1990	54.261894420969959
1991	43.012891732361339
1992	42.364277475896486
1993	43.334144434972821
1994	51.393083096000481
1995	46.516294216663752
1996	84.192817176475060
1997	76.702685319789381
1998	43.173229240083899
1999	14.460993722394880
2000	94.129751497850449
2001	44.977237291800130
2002	45.674689627156845
2003	69.183587209824339
2004	54.707258867326992
2005	27.009434134326849
2006	37.626121976419405
2007	40.480427905072595
2008	28.645480091789473
2009	56.359687339282885
2010	13.829795322311393
2011	20.472607854303256
2012	10.662719859399877
2013	26.095362482529683
2014	9.6586648273740412
2015	58.573748356960586
2016	31.797217269974414
