xmlns:cpt=http://iri.columbia.edu/CPT/v10/
cpt:nfields=1
cpt:field=Predictor_scores, cpt:nrow=35, cpt:ncol=4, cpt:row=T, cpt:col=index 
	1	2	3	4
1982	3.0288108767171500	0.89854959513242472	-0.87406089851520430	7.8723529903364314E-002
1983	-0.78827556578679692	-1.5651144234710168	-1.0910803520048638	0.12694113992306011
1984	0.85312171565201567	-0.75585515141100723	2.3441277173596018	0.21904520487112508
1985	7.0345881761435636E-002	-0.94342297216723781	-0.53597837900349798	0.22195027713985643
1986	1.7278784582005660	-0.12391767342202863	1.3357503464695106	-1.8211281030187779E-002
1987	1.2070691071167543	-0.16110258261228430	0.21625731069790791	0.22836517098815284
1988	-1.8844570539818604	-2.7228899316611077	0.20434948811110495	8.0733285952468467E-002
1989	0.10612999076187957	-0.98059445323442684	-0.16539472539835529	-2.5195117614722679E-002
1990	0.89676689450100111	-0.42222470533304285	-0.27923941696485677	-9.3718298196108302E-002
1991	2.7330778849749131	0.54606854808701388	2.7939400201009703	5.9182046138970323E-002
1992	0.45290168181620760	-1.2651459211470615	0.58552427227511639	-0.11209999786594192
1993	0.51067778294855670	-1.3149604054056709	-0.47456353560470832	-0.17950146688644433
1994	1.3654327290636183	-9.8664081470985474E-002	0.14632669945556770	-0.30153529804591356
1995	-1.4265900255475841	-1.9510542380467812	-0.30060919569476169	-0.14171778632369675
1996	2.0504860178635105	0.57717070717270857	0.23041941623209627	-3.0711740663148003E-002
1997	2.4396229448523559	0.33700407281735151	-0.14749785084932804	-0.11852719157901180
1998	-1.5837528357934958	-2.2703380946787508	0.59773255943620385	0.19839872185042395
1999	0.65872147970497652	0.43657574283401146	-0.63366208107153554	0.40175377598404394
2000	1.9238000877605106	1.1893150846296876	0.75375389356230549	-0.21624768129701877
2001	1.7956566470906750	0.25714081101137121	0.13402781544562259	0.24466210743884514
2002	2.2602977179416976	0.97096744025277970	-0.36343265688285881	-0.21677975556233309
2003	1.1778060170509757	0.17150377945357975	-0.62333524219906022	-0.13748251186470450
2004	2.3647561734486819	1.2362527339345075	0.37762702627077660	-0.17448780209810349
2005	0.57454846231109347	-0.38465170376849139	-0.71672182228642134	-0.10188070221063773
2006	2.4472663817721161	1.3768412615775576	-1.4177547127605516	0.11083137422025970
2007	0.50337435181640633	-0.26712113827989986	-3.3486244587246021E-002	2.5752772320195173E-002
2008	1.1042873708707264	0.39422528381811450	-1.1188892275706932	0.10633720138380412
2009	2.5573608776772172	0.58502296327236492	-0.67553971283907210	-3.8066320700161062E-002
2010	-1.2334373361723570	-1.9269511877439069	-0.62033199696106744	-7.3915809375793645E-002
2011	-5.8565199294426504	1.1350227458144497	0.35484814793264446	-0.14734069763428775
2012	-3.6392334084236801	0.23042952027578728	-1.0654590479154886	-0.21292956379153771
2013	-5.8261578566210357	0.69581069991625621	0.29675655391165268	-3.1167107181298989E-002
2014	-4.6483364236831477	1.9127596377292557	-0.71789617643431725	0.28764599676876262
2015	-2.1741676204475118	3.6182399733435204	0.29731113615300570	0.10059453594026069
2016	-5.7492694777749067	0.58510806278093919	1.1861808721299403	-0.11940101090250907
