xmlns:cpt=http://iri.columbia.edu/CPT/v10/
cpt:nfields=2
cpt:field=undefined, cpt:climit=lower (95.%), cpt:nrow=35, cpt:ncol=1, cpt:row=T, cpt:col=station, cpt:units=none, cpt:missing=-999.00000000000000               
	14.0
cpt:Y	30.751289900000000
cpt:X	-98.669759900000003
1982	3.5752182092957709
1983	3.2678036350542090
1984	5.3633781211665896
1985	3.4686955029486368
1986	4.6870313559146179
1987	4.1351697266982947
1988	3.6064875211436287
1989	3.5832145166936513
1990	3.9549042107210415
1991	5.0861594771666105
1992	4.2822811956012581
1993	3.6736938999317910
1994	4.0875419731890972
1995	3.3398042482566881
1996	3.6109749408526106
1997	3.9995169091010281
1998	3.9218476953481733
1999	3.4611682130671246
2000	4.7038437994574034
2001	4.0602835334799687
2002	3.7584518119585657
2003	3.7118056214434292
2004	4.2699564739509910
2005	3.3970334580628401
2006	3.5539197074271986
2007	3.6484826888550597
2008	3.2748642700900339
2009	4.7390632018613772
2010	3.2545527143848574
2011	2.8884852630141955
2012	2.7894787036985944
2013	2.7994343938676058
2014	2.7587215342082136
2015	3.3555254814233120
2016	3.5231965377558145
cpt:field=undefined, cpt:climit=upper (95.%), cpt:nrow=35, cpt:ncol=1, cpt:row=T, cpt:col=station, cpt:units=none, cpt:missing=-999.00000000000000               
	14.0
cpt:Y	30.751289900000000
cpt:X	-98.669759900000003
1982	7.1104367967220909
1983	6.7303610253593860
1984	9.2143073953755188
1985	6.8951015444198438
1986	8.1590954879024000
1987	7.5196111894734932
1988	7.2076329293767731
1989	6.9399880732646864
1990	7.3079665400059621
1991	8.7559203345358263
1992	7.6556469818833106
1993	7.0630496263489135
1994	7.4546481397282918
1995	6.7195801882429587
1996	7.0165253396688136
1997	7.5005584921382438
1998	7.2675942535126374
1999	6.8233726504449885
2000	8.1868147786543393
2001	7.4927296650884214
2002	7.1905344885981890
2003	7.0694442280024878
2004	7.6591114652580430
2005	6.8048757462829723
2006	7.0799317840121123
2007	7.1686999363898174
2008	6.7428116416933479
2009	8.2124427942956899
2010	6.6579158904998827
2011	6.5717193171768580
2012	6.3448630667274886
2013	6.3467798067282510
2014	6.3341825750281782
2015	6.9640726456693276
2016	7.0642226344002976
