xmlns:cpt=http://iri.columbia.edu/CPT/v10/
cpt:nfields=1
cpt:field=Predictor_scores, cpt:nrow=28, cpt:ncol=4, cpt:row=T, cpt:col=index 
	1	2	3	4
1983	-10.311003820627723	2.9771810706281692E-002	-0.47014816837070994	0.26720551014966343
1984	-1.1060103969531898	-4.5264524421461880	-0.26745388260259728	0.50007738569472537
1985	-4.1570340533668357	-4.0930369327811125	1.0062169359062374	-1.0370921395504451
1986	-3.1516907482498580	-0.10835283093843752	0.56202992386910844	0.22959006348071018
1987	-12.709130511305043	-5.6962415216377002E-002	0.72313145576218130	1.2492016513679116
1988	1.3998279041201487	1.1417675236601226	-1.1407587193410693	-0.90168266378447204
1989	5.9590833707326221	-2.3573621315150635	0.33361767783095697	-3.1344287524788308E-003
1990	1.5530015932824468	-0.73787898065732460	1.1079671178810329	-0.55408252756250520
1991	-1.1678082916582215	-1.8999019980279253E-002	-0.74143279403932627	0.67630023132330375
1992	-7.2933244569850233	2.8387512878607288	1.3050594092329104	-0.18547746619873848
1993	-5.5438525562255663	-1.1865601989854861	-0.47167420723785458	0.73116482280370387
1994	3.1830393320067261	-2.0777722933586280	-0.73909419530786169	-1.0317977706777262
1995	1.1329821785133198	-0.40190896139381943	-2.3365552510246892	-0.18123689753042263
1996	3.1069459222985172	1.3669588030114705	-1.3989196006804350	1.4248754075998376
1997	1.1700725515401509	-0.19022837614388344	1.2430245664953783	-0.52774160272788717
1998	-4.4096813526022487	2.3286943606986239	-2.1035166269058925	6.7011869822165782E-002
1999	5.7536883434305368	-1.5066067050867789	-0.88514488903134358	2.0259801329470468
2000	5.1853767934893922	1.0068811227569712	0.46955637165131331	1.4077894975334035
2001	-1.6856872005105958	7.0824441200185467E-002	-0.94189757157603160	-2.6517479032704365
2002	1.8433465038328380	1.3896411023526263	1.2439441147044272	0.59890496937813820
2003	1.1154340506010481	0.86966577827986136	0.23598159320258899	0.24028625255506583
2004	1.4863260582906415	-3.9069958259600357E-002	1.2861436010319096	0.71268644484305299
2005	2.2693782039590209	-2.5612707793088823	0.79611813480324256	-0.35672003756412940
2006	1.1009123251122415	2.2300447291693155	-9.5387605114730961E-002	0.55825667949424496
2007	0.70948576078745484	-0.97000639251750465	-0.35092791146773650	-1.7174932859466494
2008	8.1577004898376089	-0.11428265605508503	0.74169662245988066	0.29826580213065079
2009	4.0114890862503305	3.0407427604097435	-0.30220145599589215	-0.78308111381079082
2010	2.3971329203988332	4.6330073542380568	1.1906253538649727	-1.0563088837470844
