xmlns:cpt=http://iri.columbia.edu/CPT/v10/
cpt:nfields=1
cpt:field=Predictor_scores, cpt:nrow=28, cpt:ncol=4, cpt:row=T, cpt:col=index 
	1	2	3	4
1983	-11.365785138613072	-1.9522724373084193	-0.46476164842031076	-0.85906919547774852
1984	-3.1443417712118023	-2.6206595086312241	-1.3011854974515200	-1.1377880869610930
1985	-9.7246194149138923	0.44227947426087910	-0.69551173644752162	0.74820373407640239
1986	-1.7924401865562576	-3.0673499605381216	-1.8519937334840115	0.54368522856632129
1987	-6.4510526127282803	-2.4131076088456402	1.4121839346729215	0.76493771762470419
1988	3.5057184789082494	1.2393081444029665	-1.0243867099076662	-0.50509012591991731
1989	2.4153078501088885	0.37040330719028336	-1.6296586217664857	-0.26923847268164269
1990	-6.7973454122817323	3.8826653081349227	0.90951652119519344	0.76846679699765497
1991	4.0286602038471884	-1.4203608352088117	0.85666608868695648	-0.30224054167703057
1992	-5.4306247298603685	1.6119123259380621	-6.8936253246864851E-002	0.35282291491657769
1993	-5.2486435533646922	-6.2316890789919921E-002	1.6482342964996821	4.4537467066995018E-002
1994	2.3901542004632783	0.96896839927111655	-1.0712512353540400	-1.3714228627890648
1995	2.4635909756417744	-0.52486026530229213	5.2163339230376637E-003	-2.7664207506706946
1996	4.6862491709787868	-3.4215629356416000	1.2173093732794471	-0.86228703997487521
1997	-3.2602165915402574	-6.4350714702483824E-002	-1.3633292343928005	0.98908906661954632
1998	0.11511395861736749	1.1012412944417902	0.75037812225799339	-0.66812231849049653
1999	0.35526561580610522	-0.12625709129428186	2.5207683047024751	-1.0749526748544425
2000	1.9507399867342157	3.8465488077017072	-1.7350469175463694	-0.41216168932465252
2001	5.4733485282109742	-0.48153553790672404	0.18852359948483605	0.61544368789940929
2002	3.7256817586104969	2.2639220854090718	0.50078047959686323	0.23478251611504947
2003	1.9192343099864959	2.0634591389962313	-7.8780595451111546E-002	-1.0291409943463581
2004	5.3030778477708145	0.16955175604892506	0.59244876394878732	1.3088970014482881
2005	-1.7145440513147927	-1.1577284043767504	-0.85373975471460395	0.31056708185559251
2006	3.5508317056107765	-1.5611199663543966	0.63583650027521377	0.62677369034600316
2007	-1.3181971044448419	0.53296659217279885	0.79057206655674650	1.0690598666679159
2008	5.8461659903612277	-0.19251127504383381	-0.25706269996064085	1.0806284557867414
2009	0.96620495980520194	2.1672581247056586	1.0398882301810888	-1.0893021836473810E-002
2010	7.5524650253676713	-1.5944913267303802	-0.67267797711735333	1.8109325490168469
