xmlns:cpt=http://iri.columbia.edu/CPT/v10/
cpt:nfields=3
cpt:field=undefined_prob_B, cpt:nrow=28, cpt:ncol=1, cpt:row=T, cpt:col=station, cpt:units=%, cpt:missing=-999.00000000000000               
	05.0
cpt:Y	33.008157699999998
cpt:X	-100.18065890000000
1983	22.194364988389765
1984	48.685457690954557
1985	25.762731573885489
1986	27.595429932161977
1987	15.246796368961753
1988	48.342713407833372
1989	55.457590410036687
1990	32.371763561458238
1991	45.746744465018452
1992	13.230821501138266
1993	34.625220046867938
1994	54.161134019289783
1995	63.473050612901915
1996	62.806025660056733
1997	29.635737840987559
1998	44.423151200202106
1999	70.228215503889643
2000	51.671841568918822
2001	35.420138067394319
2002	32.653126102091250
2003	39.048489833090059
2004	34.014360902365922
2005	40.737598192212857
2006	41.178873157594232
2007	39.910846975448855
2008	54.487707007814386
2009	44.407631888289657
2010	26.074644054427239
cpt:field=undefined_prob_N, cpt:nrow=28, cpt:ncol=1, cpt:row=T, cpt:col=station, cpt:units=%, cpt:missing=-999.00000000000000               
	05.0
cpt:Y	33.008157699999998
cpt:X	-100.18065890000000
1983	25.372901165972635
1984	26.166651013511267
1985	25.716118324910710
1986	28.796773204937118
1987	20.383503113892544
1988	27.228138319377393
1989	25.090629113780757
1990	28.962742506651210
1991	28.315552182554022
1992	20.108203117147980
1993	28.731911489008482
1994	25.476658108864942
1995	21.571779581799547
1996	21.970092458805127
1997	28.630542677974155
1998	26.568636956071170
1999	18.337978696885834
2000	26.006453835941134
2001	26.563274147557742
2002	28.644521242087194
2003	29.548373474682613
2004	28.832904227245088
2005	28.441343920270260
2006	28.798899214200450
2007	28.202235615134207
2008	25.225658674771257
2009	27.540262567108975
2010	25.395208064815549
cpt:field=undefined_prob_A, cpt:nrow=28, cpt:ncol=1, cpt:row=T, cpt:col=station, cpt:units=%, cpt:missing=-999.00000000000000               
	05.0
cpt:Y	33.008157699999998
cpt:X	-100.18065890000000
1983	52.432733845637600
1984	25.147891295534176
1985	48.521150101203801
1986	43.607796862900905
1987	64.369700517145702
1988	24.429148272789234
1989	19.451780476182556
1990	38.665493931890552
1991	25.937703352427526
1992	66.660975381713754
1993	36.642868464123580
1994	20.362207871845275
1995	14.955169805298540
1996	15.223881881138142
1997	41.733719481038285
1998	29.008211843726723
1999	11.433805799224528
2000	22.321704595140044
2001	38.016587785047939
2002	38.702352655821556
2003	31.403136692227328
2004	37.152734870388990
2005	30.821057887516883
2006	30.022227628205318
2007	31.886917409416938
2008	20.286634317414357
2009	28.052105544601368
2010	48.530147880757212
