xmlns:cpt=http://iri.columbia.edu/CPT/v10/
cpt:nfields=3
cpt:field=undefined_prob_B, cpt:nrow=28, cpt:ncol=1, cpt:row=T, cpt:col=station, cpt:units=%, cpt:missing=-999.00000000000000               
	07.0
cpt:Y	33.008157699999998
cpt:X	-100.18065890000000
1983	43.029963515465127
1984	63.405383826317049
1985	42.488802465234045
1986	33.658226231196636
1987	30.230849137732079
1988	31.364231381602423
1989	14.224202529923488
1990	13.433981723094220
1991	39.225621943424336
1992	22.910626454874816
1993	44.497995173179028
1994	82.830638270587855
1995	58.440220191813843
1996	62.773403850802438
1997	36.468298215801951
1998	83.553176267348405
1999	17.117589865239154
2000	61.950775945516440
2001	66.787001244890405
2002	38.696108941010543
2003	52.137206170497876
2004	33.425980188366168
2005	50.555837971360631
2006	53.874613705005672
2007	21.258385560941420
2008	45.395653724472560
2009	59.047367950192893
2010	35.753362408073613
cpt:field=undefined_prob_N, cpt:nrow=28, cpt:ncol=1, cpt:row=T, cpt:col=station, cpt:units=%, cpt:missing=-999.00000000000000               
	07.0
cpt:Y	33.008157699999998
cpt:X	-100.18065890000000
1983	24.297183532348647
1984	18.157009320919109
1985	23.442172650966668
1986	25.243385215318263
1987	23.584012384551258
1988	23.865868617395492
1989	17.919951373560693
1990	15.909244322760429
1991	24.925051069686909
1992	21.063166383905632
1993	24.156104001483993
1994	10.618704688365511
1995	20.774081027701914
1996	19.734745293430151
1997	24.944331835601893
1998	10.158327285491833
1999	18.290128981533897
2000	20.348979148777985
2001	18.291867649670184
2002	25.346472104650978
2003	22.984488955030166
2004	24.936649966938830
2005	23.765456606313453
2006	23.196352727545829
2007	19.981393578463909
2008	22.688321454435894
2009	19.557617851295326
2010	25.035332023691467
cpt:field=undefined_prob_A, cpt:nrow=28, cpt:ncol=1, cpt:row=T, cpt:col=station, cpt:units=%, cpt:missing=-999.00000000000000               
	07.0
cpt:Y	33.008157699999998
cpt:X	-100.18065890000000
1983	32.672852952186226
1984	18.437606852763842
1985	34.069024883799287
1986	41.098388553485101
1987	46.185138477716663
1988	44.769900001002085
1989	67.855846096515819
1990	70.656773954145351
1991	35.849326986888755
1992	56.026207161219553
1993	31.345900825336980
1994	6.5506570410466338
1995	20.785698780484243
1996	17.491850855767410
1997	38.587369948596155
1998	6.2884964471597664
1999	64.592281153226949
2000	17.700244905705574
2001	14.921131105439411
2002	35.957418954338479
2003	24.878304874471958
2004	41.637369844695002
2005	25.678705422325915
2006	22.929033567448499
2007	58.760220860594671
2008	31.916024821091547
2009	21.395014198511781
2010	39.211305568234920
