xmlns:cpt=http://iri.columbia.edu/CPT/v10/
cpt:nfields=1
cpt:field=Predictor_scores, cpt:nrow=28, cpt:ncol=4, cpt:row=T, cpt:col=index 
	1	2	3	4
1983	-9.1644388808772188	-2.8443151119628620	-0.29637267393867084	0.73343970209942844
1984	-0.50196879811275497	-5.2160145247154412	-1.6924207828431830	0.78610510098271547
1985	-1.9273821072805704	-5.0822135544488898	0.21504851472840633	-0.49277161026080535
1986	-3.2948703339114842	2.1934129538339229	-1.8438688206116907	-2.0331242871521336
1987	-12.067110593873560	0.36328352430176275	0.46284719158285420	0.56390176201149511
1988	2.7800362532682215	-1.0487307402382537	0.82348192001828346	-3.9096556122782969E-002
1989	4.3608035481168574	4.3300844532958363E-002	1.1067412061138819	0.16403229707347433
1990	-3.8449242105914876	1.9602353863298618	1.0435976617814484	-1.3046917193332987E-002
1991	0.52620483633417603	0.73602659470058851	-0.66804983793053774	-0.29569142437522600
1992	-9.0979380506408543	1.1454293734874237	1.2666739573603345	-1.5375634942905307
1993	-4.1434062516341266	-0.31907103086565586	0.67861983837649353	-0.32668389693474897
1994	1.8981652276218681	1.8172653652359531E-002	-1.7050832233529905	1.2185984083622607
1995	1.0339245259624281	-0.74580612865846729	-2.1561559153429743	-1.2252960139743516
1996	3.0249635253471907	0.94267561039070724	-2.5906628679421617	-0.62576148423546185
1997	-0.42736461419958599	-1.1021622401561078	1.9425987038710797	-0.21755307079816830
1998	-5.6187156571317693	2.5967098505912474	-0.57518123354120509	2.5445678580641853
1999	2.0421737234571631	0.43762238629238215	-1.6894786877139651	-0.62816716090450064
2000	5.3638228693515693	-0.19527137772898925	3.0547836852444075	-0.33723973058079842
2001	0.18963811279975626	1.7462665482563340	0.92459741846016974	-0.91217977719138088
2002	3.1345924473843505	0.35276615548820200	-1.8382220794669806	-0.32026833382327191
2003	2.3485819119771190	0.48375339088798247	-0.87367407316503909	0.94938789315861449
2004	1.9178526974767942	1.3012625699124052	1.4004189293265856	-0.18694651539228574
2005	1.7997720240606276	-1.6479871358495508	0.10328695303204127	0.23138870814354903
2006	5.6603015788253703	-0.69921831262367240	0.98483793005113263	0.36683927258244947
2007	1.7494296663874451	-2.6799637205223981	1.2614253077318636	5.6131884909833743E-002
2008	7.1175411344385227	1.3265408790422881	-5.6416889243909418E-002	0.82336291802977579
2009	5.7222431231735120	0.76431583846820605	0.58901431731781495	-2.1531517751076833E-002
2010	-0.58192770773041613	5.1689793176010150	0.12761355009663461	0.77516598556316030
