xmlns:cpt=http://iri.columbia.edu/CPT/v10/
cpt:nfields=3
cpt:field=undefined_prob_B, cpt:nrow=28, cpt:ncol=1, cpt:row=T, cpt:col=station, cpt:units=%, cpt:missing=-999.00000000000000               
	09.0
cpt:Y	33.008157699999998
cpt:X	-100.18065890000000
1983	66.499506885189376
1984	43.806917065649344
1985	49.305082504294532
1986	30.450640870719042
1987	55.130943885124360
1988	61.764266335904587
1989	70.657163295221991
1990	49.465128365954826
1991	62.546354454930849
1992	37.385596213574757
1993	45.618598893798115
1994	89.000642150710007
1995	39.279472804428607
1996	44.592192142023833
1997	59.477640668036301
1998	91.938169356736921
1999	50.599415124809845
2000	66.755972920296784
2001	54.221518313539086
2002	51.551559013088834
2003	66.590110794289757
2004	34.750495348852979
2005	28.304370631555358
2006	60.198958350136941
2007	26.697561163153566
2008	47.227331830822827
2009	51.993013195647137
2010	34.097010683134712
cpt:field=undefined_prob_N, cpt:nrow=28, cpt:ncol=1, cpt:row=T, cpt:col=station, cpt:units=%, cpt:missing=-999.00000000000000               
	09.0
cpt:Y	33.008157699999998
cpt:X	-100.18065890000000
1983	9.4146077614140857
1984	11.283961362986759
1985	11.027030168077445
1986	10.076781152815876
1987	10.633519339626638
1988	9.9959280521086278
1989	8.4094436771642869
1990	10.618156785156465
1991	9.1510354086836756
1992	10.537530696366581
1993	10.548599962654230
1994	3.7583035767577062
1995	10.527712206210715
1996	11.221184772140461
1997	9.6627339486750508
1998	2.9179296143231293
1999	10.957004466354974
2000	9.2125368698432162
2001	10.418446357955148
2002	11.081310939108093
2003	9.2367678248255025
2004	10.553524707431222
2005	9.9619577657808307
2006	10.272678241950015
2007	9.2419602339941065
2008	10.367113252561545
2009	10.582747754366963
2010	10.029503605890298
cpt:field=undefined_prob_A, cpt:nrow=28, cpt:ncol=1, cpt:row=T, cpt:col=station, cpt:units=%, cpt:missing=-999.00000000000000               
	09.0
cpt:Y	33.008157699999998
cpt:X	-100.18065890000000
1983	24.085885353396538
1984	44.909121571363897
1985	39.667887327628023
1986	59.472577976465082
1987	34.235536775249003
1988	28.239805611986785
1989	20.933393027613722
1990	39.916714848888709
1991	28.302610136385475
1992	52.076873090058662
1993	43.832801143547655
1994	7.2410542725322866
1995	50.192814989360677
1996	44.186623085835706
1997	30.859625383288648
1998	5.1439010289399567
1999	38.443580408835182
2000	24.031490209860007
2001	35.360035328505766
2002	37.367130047803073
2003	24.173121380884734
2004	54.695979943715798
2005	61.733671602663811
2006	29.528363407913044
2007	64.060478602852328
2008	42.405554916615628
2009	37.424239049985900
2010	55.873485710974990
