xmlns:cpt=http://iri.columbia.edu/CPT/v10/
cpt:nfields=1
cpt:field=Predictor_scores, cpt:nrow=28, cpt:ncol=4, cpt:row=T, cpt:col=index 
	1	2	3	4
1983	-5.7041522605922443	4.7572370145169023	1.5306006495221947	-1.9599342942662710
1984	-4.9033668791646345	-0.49724794203739670	3.9356845485013432	1.3291682021634108
1985	-5.9681800550370117	-4.4831484053582979	1.5782009053063033	-0.48966947782007419
1986	-6.0348019343007904	1.2801078260270840	2.0393755112202996	0.22676411354323137
1987	-0.55677544484876573	-0.72669588103946392	-1.6762601320571182	-1.0389255654380172
1988	-2.7388527329288324	0.36782378532405652	-1.1050533651728327	3.1016433612705874
1989	-2.0835202517725988	-1.6281724323489584	0.93534439066672748	-2.2593006283955419
1990	9.4527916806264418	0.19703553440534130	-3.0919385556638035E-002	-0.75104470831971371
1991	0.25432921397920699	0.91202295725340832	0.79025749483051155	-0.28831196162292483
1992	2.9040986113035863	-3.8345704949292294	-1.2530582992534525	-0.75800502394212810
1993	-2.2471552260532555	-1.9945126574521090	1.1383514881015064	0.77555382747204560
1994	5.9752499195353739	-1.1368296430482705	0.31249627017342996	1.2532951304179927
1995	-1.5900466441601511	2.9718472158219469	-2.1005009606816922	-0.26087005661415386
1996	2.3591087116578855	2.5779618382162028	-0.41660916380604940	0.59083608550905353
1997	-0.95199312440324924	-2.4298636270002301	-1.1228457226244841	-0.43703996416830088
1998	6.2906175226250660	3.3995865832966814	-7.4629448491270844E-002	-3.1177943850587753E-002
1999	-6.6047458910537280	-0.34495398235421393	-2.7106557607292565	0.56005744236158361
2000	1.4159469689855892	-2.2542316889779395	0.43922397117391243	-0.72503441046924089
2001	3.2272856856364291	1.5055891713328302	-0.30159633780391898	-0.26446400105992407
2002	1.5789127317239331	1.4221539286452844	2.4189677751742535	-1.3796822589201851
2003	4.0029218020181645	-1.2184346958792742	-1.1205285523207118	0.13538174965213803
2004	4.9154144560942621	-1.4195665831942244	0.14579756827995430	-8.1737142743358887E-002
2005	5.1452102067292937	1.2786533441355958	-2.2163347345612677E-002	-0.56294018755739739
2006	-0.78927789640846091	2.2716455329592771	0.57427151384430619	2.5379974638333538
2007	-8.6160685647105577	0.81008962961143427	-4.0451944241610063	-0.97074628310074840
2008	1.2488815564719311	-2.1241089874079453	0.29029892305304472	1.1974966978909141
2009	-1.1613307472855743	0.30604909268802555	1.2248404742506196	-0.25648894022819613
2010	1.1794985853344457	3.4533566794553092E-002	-1.3736965840933009	0.80717877440346397
