xmlns:cpt=http://iri.columbia.edu/CPT/v10/
cpt:nfields=1
cpt:field=X_scores, cpt:nrow=28, cpt:ncol=4, cpt:row=T, cpt:col=index 
	1	2	3	4
1983	3.7376720887569412	-0.28008898503972651	0.53891514960592823	-0.24261663252939941
1984	2.1103823414037155	-3.5855770761852721	1.2656822859253478	-0.96145763753071212
1985	-1.7801801377479429	-2.9766717295397473	-2.7159863249359047E-002	-0.96356890609339063
1986	-7.4041080205864311	-2.6880117027252455	1.4302682492028898	-0.41721313689209344
1987	-4.2768532205474372	-1.1731516296206264	-1.8496936767720054	0.40601876588328933
1988	7.9967146150361685	2.4759705507785443	-1.7988320506734377	-1.4469336587514237
1989	0.92925134851184876	0.57642418707493748	-1.4935896677380851	0.59609710147311989
1990	5.1771938946680374	0.93479743776906976	0.37551980638219057	-1.5425646402619790
1991	2.0011415939832431	2.4380541782845797	2.2468160733366389	4.2083967521281601E-002
1992	-0.26085184691863522	0.93715392360912642	0.53038296124401174	1.6092874195532292
1993	0.23041082083569248	-1.3298938691074793	-2.5008371328754029	-5.8299942497209843E-002
1994	-2.2735443543592146	5.7867437364527517E-003	-0.14319338891417671	1.8262725752569835
1995	-2.0103245683513622	0.25039187103045635	0.13699697400631455	0.60215776988779413
1996	-3.8288127749016274	4.7734081838707851	0.76066350283668549	1.6884717764256922
1997	-5.7510681683897449	-1.5383868220379759	-1.9957673344684450	0.57488755419596393
1998	2.7825143523492630	-0.73968584039203888	-1.4016111501755022	-0.20635933061512110
1999	2.4153963039919386	-1.2429306455911908	-0.69440177076339471	0.46406989965303008
2000	4.8559703822861877	-2.1532555737356995	1.7685863496335652	0.66469472626076620
2001	1.7775250888137959	1.4973743945092963	-0.14545142838835640	-1.3063205364806989
2002	-2.6681605107162834	4.7179608380320994	-0.31254014685535525	-0.49020588609593058
2003	-2.0563066257009606	-1.9229574655708246	0.39991981589405723	0.92391797194990744
2004	-9.2448201601934468	2.1487962692088906E-002	1.4521366906920194	-1.6321685602591001
2005	0.64174962719495166	-7.4716856250492750E-002	-0.14597564799205026	-0.19853626238186617
2006	-5.6897351482991780	4.3136125570344950	-1.6563599434431482E-002	-1.0629965969374302
2007	7.6065816415985319	-2.1547809195952468	0.39178607638894036	-5.3966762912997755E-002
2008	-1.3894830225600274	1.6600130647339839	0.24726342748812441	-7.0519810174860073E-002
2009	-3.8931630239154535	-3.6702390888663596	0.18832084773207539	6.6843443513618494E-003
2010	10.264907483757776	0.92791231110238126	0.79235864793116828	1.2490844280015396
