xmlns:cpt=http://iri.columbia.edu/CPT/v10/
cpt:nfields=3
cpt:field=undefined_relodds_B, cpt:nrow=28, cpt:ncol=1, cpt:row=T, cpt:col=station, cpt:missing=-999.00000000000000               
	11.0
cpt:Y	33.008157699999998
cpt:X	-100.18065890000000
1983	4.1159210665881664E-002
1984	3.1326040917152742E-002
1985	0.11801261195868369
1986	1.2212343225324213E-002
1987	8.8169865240850527
1988	11.501663623066223
1989	5.2055760086000182
1990	1.1619970124876235
1991	0.15757134682062532
1992	9.6251324023309532
1993	3.5680831848874983
1994	12.125959035923618
1995	1.5453126019264789
1996	0.48879583778546148
1997	3.9399824906560919
1998	91.203472317992109
1999	2.9480332284386055
2000	8.9117529432931289E-002
2001	0.45897282608834550
2002	0.26508141593648532
2003	4.5018290124580922
2004	6.7618003135269415E-003
2005	0.36251665170668590
2006	0.15173008637518864
2007	0.28251198870865774
2008	0.16064207500146951
2009	2.5694894448175258
2010	1.4581374038568158
cpt:field=undefined_relodds_N, cpt:nrow=28, cpt:ncol=1, cpt:row=T, cpt:col=station, cpt:missing=-999.00000000000000               
	11.0
cpt:Y	33.008157699999998
cpt:X	-100.18065890000000
1983	0.52601703608635386
1984	0.42329953864328085
1985	0.98988089099410392
1986	0.19641603685686337
1987	0.40408138239685271
1988	0.32068771335079754
1989	0.67226932993506228
1990	1.8450161984549751
1991	1.3239894235071419
1992	0.37537777866117195
1993	0.92672087817946025
1994	0.30583607554702874
1995	1.6977387077695631
1996	2.0803429530046684
1997	0.84371656345115120
1998	4.1891400147494026E-002
1999	1.0988450618771646
2000	0.71134452474114240
2001	1.4803474940684072
2002	1.8916714924367972
2003	0.76569176371400594
2004	0.11669718729144518
2005	2.0806920066023111
2006	1.2361775297403250
2007	1.7446711019882204
2008	1.3468149792497357
2009	1.2138255051995801
2010	1.7080573446250678
cpt:field=undefined_relodds_A, cpt:nrow=28, cpt:ncol=1, cpt:row=T, cpt:col=station, cpt:missing=-999.00000000000000               
	11.0
cpt:Y	33.008157699999998
cpt:X	-100.18065890000000
1983	6.7564015065006862
1984	8.5207523604363047
1985	3.1706897497330666
1986	18.943546474226565
1987	3.4200961747729255E-002
1988	2.0086515374708080E-002
1989	5.3367799371445965E-002
1990	0.36034299558919713
1991	2.2431748109843994
1992	2.8423047813547216E-002
1993	8.8879038274226788E-002
1994	1.8056873681299410E-002
1995	0.23462750456838347
1996	0.83188386869573960
1997	8.3347009391670890E-002
1998	1.8866770148031889E-003
1999	0.10438318434334729
2000	4.5570208790917270
2001	1.2679899047621492
2002	1.3161361893605146
2003	6.3455669867308551E-002
2004	32.187307979486206
2005	1.0150806664143168
2006	2.4198668102142982
2007	1.3916694760698058
2008	2.1949286768992580
2009	0.12765274243394770
2010	0.26683351391818949
