xmlns:cpt=http://iri.columbia.edu/CPT/v10/
cpt:nfields=1
cpt:field=X_scores, cpt:nrow=28, cpt:ncol=4, cpt:row=T, cpt:col=index 
	1	2	3	4
1983	3.4683214168134824	1.9403664454472653	1.5752565615089624	0.15563165847259691
1984	-0.89397907911245522	-1.9196234191739718	1.2695474204717747	-0.30837888112120221
1985	-1.8001799369821720	-0.86873388742621416	1.5926551954374220	1.1636777960476457
1986	-7.8693142908765390	6.6279091407596544	1.1794268933195924	-1.1360881434436163
1987	0.48407276304334840	4.0147320834751250	-1.1567824635444561	1.0063684532513979
1988	6.2018241024987395	3.8046360218378560E-002	-0.65393037824310496	0.21079917567838549
1989	3.0833379943573509	-0.99217087659691328	-0.81040401819426300	-0.54586736116780354
1990	4.9312672476275985	3.7651443499855151	-0.27794195248777109	0.56906762891321938
1991	-1.3340668826339213	-8.6955796712246278E-002	0.86157490718110807	7.8901136112739745E-002
1992	-4.1201752553329003	-2.5717881131962659	-1.4012587649572090	-1.1396095230988261
1993	-1.8204072377064460	-3.2873228417256932	-0.55316921440674427	-0.28752267156691019
1994	-1.9900849632782167	1.4383063696434180	-1.2191762293272657	0.71960973774671833
1995	3.7286864445053216	-0.45737962859474057	3.8975391240550918E-002	-0.32916081586804374
1996	-4.8340602597063587	-2.9410657306876087	-0.28300868285307995	0.52730591500601320
1997	-13.423701114123666	-0.72612507431839624	-0.95491904862156496	0.38588941826581091
1998	1.1201832527591824	-0.84310187725871311	-1.6719882341270143	0.55889283959058589
1999	9.5369822543634672	-0.48168124970991383	-0.50800029187859586	0.38116184584904622
2000	-2.9810659070779071	-0.68070209433976436	0.70013374195665645	0.48798491415851514
2001	2.3128947461517817	2.6738579253731243	-1.1850805488656779	-0.99729039476993320
2002	-3.8552057485598379	-0.74632112414946516	0.23024229530770882	2.9299370672136948E-002
2003	-2.2997444445279376	0.43259269689837898	-0.75365031318621312	-0.17668370919692561
2004	-5.0690799310996377	-1.2931722488555528	1.2485395643899355	-0.10781317230309485
2005	5.2820567859510099	-0.82159631132274602	0.49292748054124041	-1.4659245546739790
2006	0.78426801954384895	-0.94957592015214121	1.4985698322819412	0.41884546421986768
2007	1.9176768640542756	-1.4953379856216806	9.2857675404131673E-002	-0.70100187505081613
2008	3.6941770106869871	0.95034753518825654	0.98847819107293111	-1.2845605147049920E-002
2009	-1.0860288581769275	1.6919010121498432	-0.71460738563072135	0.17093366986692277
2010	6.8313450068392667	-2.4105497392962385	0.37473237620968353	0.34381768355659376
