xmlns:cpt=http://iri.columbia.edu/CPT/v10/
cpt:nfields=3
cpt:field=undefined_prob_B, cpt:nrow=28, cpt:ncol=1, cpt:row=T, cpt:col=station, cpt:units=%, cpt:missing=-999.00000000000000               
	12.0
cpt:Y	33.008157699999998
cpt:X	-100.18065890000000
1983	34.774903072159645
1984	10.661005826247973
1985	31.003528866339479
1986	41.113115273199519
1987	83.047554151013330
1988	86.974024824197002
1989	74.591813435925275
1990	37.912258639071958
1991	17.488623811235300
1992	38.551021491413515
1993	75.840727929985562
1994	61.892905773911643
1995	65.171619371137297
1996	43.859204079511962
1997	66.908134712281452
1998	91.288569126951671
1999	91.104802881155862
2000	24.790534752494182
2001	26.837381803926689
2002	37.082026328152892
2003	56.531023906072534
2004	10.293418739796394
2005	48.003766416082087
2006	33.345118638690394
2007	68.628660500335357
2008	48.019524426085439
2009	72.961107999529020
2010	61.057499464869558
cpt:field=undefined_prob_N, cpt:nrow=28, cpt:ncol=1, cpt:row=T, cpt:col=station, cpt:units=%, cpt:missing=-999.00000000000000               
	12.0
cpt:Y	33.008157699999998
cpt:X	-100.18065890000000
1983	12.889001602321940
1984	6.7231362161767692
1985	12.902545544948119
1986	12.010226675159352
1987	6.9865062981534187
1988	5.5496994466117453
1989	8.6925816935685489
1990	13.526789361878016
1991	9.6649810760888215
1992	12.834470265696524
1993	8.6587983986549109
1994	11.926167314682445
1995	10.889299431915980
1996	13.308684999260898
1997	11.163816323303042
1998	3.8965635752844241
1999	3.8686863219703556
2000	11.928685693104448
2001	12.223138342902480
2002	12.512003701343659
2003	12.882799885228284
2004	6.8059380971183145
2005	13.814109409083095
2006	12.693264758303826
2007	10.682257387052388
2008	13.533248317057485
2009	9.6597533128107607
2010	11.693359483641874
cpt:field=undefined_prob_A, cpt:nrow=28, cpt:ncol=1, cpt:row=T, cpt:col=station, cpt:units=%, cpt:missing=-999.00000000000000               
	12.0
cpt:Y	33.008157699999998
cpt:X	-100.18065890000000
1983	52.336095325518414
1984	82.615857957575258
1985	56.093925588712402
1986	46.876658051641130
1987	9.9659395508332516
1988	7.4762757291912525
1989	16.715604870506183
1990	48.560951999050026
1991	72.846395112675879
1992	48.614508242889961
1993	15.500473671359524
1994	26.180926911405912
1995	23.939081196946724
1996	42.832110921227141
1997	21.928048964415499
1998	4.8148672977639047
1999	5.0265107968737857
2000	63.280779554401370
2001	60.939479853170830
2002	50.405969970503449
2003	30.586176208699182
2004	82.900643163085292
2005	38.182124174834819
2006	53.961616603005780
2007	20.689082112612255
2008	38.447227256857076
2009	17.379138687660220
2010	27.249141051488568
