xmlns:cpt=http://iri.columbia.edu/CPT/v10/
cpt:nfields=1
cpt:field=X_scores, cpt:nrow=28, cpt:ncol=4, cpt:row=T, cpt:col=index 
	1	2	3	4
1983	-3.6947696626986577	-0.87454127141518223	-0.61068224505762181	1.7590141834662441
1984	-1.8723260731350468	-1.6771365170172221	0.63189882450205193	0.79227561183727502
1985	-0.95203681397371320	-5.7645740070866802	-9.6301702984955370E-002	-0.43964027939574407
1986	-5.3853273929324130	1.8621927883366272	0.64265466605687716	0.45610435260247473
1987	-0.11431107083577530	-5.6657524810520519	0.23270245456116040	-1.2254620131008420
1988	6.4643147220405890	-2.7881498550291228	-0.31710397932779416	-0.82748314285112001
1989	-1.6393002529476139	0.33144554851271441	2.3684276658133125E-002	1.0460973450616253
1990	-5.2305530005252523	-0.89582268738687543	5.9238360893647195E-002	8.4892807734295750E-002
1991	-7.6271343056536125	-1.3856584648427159	1.0950384332835976	-0.59088079229061363
1992	0.62696957766302630	-0.61093789328249981	0.22857126559357033	0.54982108415856257
1993	-1.0712662930296675	-1.5401763003092404	-1.1748631959619176	-1.0616300769654003
1994	-7.7155121740786621	2.9440582909972814	-2.1818585968704380	-0.77397172901659372
1995	3.9974581713518385	-1.7626386917056331	-1.3080580841745579	0.51823198217094213
1996	1.6163488904312173	1.2883017198501108	0.28402325334392886	-0.64975371711896179
1997	-7.5832250956040479	-1.0552558551256268	-1.1113248705859691	0.66332614982352123
1998	8.5837774010469552	1.5319833060573622	-1.2424402399461749	0.68646679355370266
1999	9.5393932970149109	2.1462404428001309	-1.6325018249203396	1.9882666652379700E-003
2000	1.1283940927477176	0.49460336688476986	1.0073813690158906	0.87429058294226836
2001	-1.3440110315739300	1.1071600103815562	-0.48777264858518249	-0.25336736238126584
2002	-0.78429599016790486	1.1107934345335089	0.39861932210269357	-0.28057116275781591
2003	-1.5711647025924460	3.7616169347042336	-0.53971673275390319	-1.0905005963497716
2004	-0.44515269656576573	0.25892667049946072	1.6983179904402061	-8.6738494747891481E-003
2005	3.4674037147682979	1.1158867656497575	0.73159160726935324	-0.51757228826630841
2006	-0.71409603638663310	3.8458864450943930	1.1339502699352735	-8.9860393019898496E-002
2007	6.5203112683672924	2.6603344446358292	0.89398223391285758	0.43000155719240057
2008	6.2706844281817480	0.11471968965015104	1.4265544114226891	-0.75416201248459147
2009	-3.7985756678657547	3.3537097131569147	0.19213849441280720	-0.22222405512549598
2010	3.3280026969531056	-3.9072155474921613	2.2276887764095851E-002	0.92324275339047501
