1982 01 3.34859
1983 01 12.1212
1984 01 16.9565
1985 01 64.372
1986 01 10.2079
1987 01 67.4695
1988 01 12.6809
1989 01 37.2522
1990 01 6.48765
1991 01 11.12
1992 01 289.999
1993 01 26.7356
1994 01 7.31591
1995 01 1.86665
1996 01 6.16836
1997 01 115.115
1998 01 13.5115
1999 01 0.0102208
2000 01 2.39382
2001 01 90.9437
2002 01 24.2446
2003 01 8.2359
2004 01 13.4971
2005 01 57.1811
2006 01 5.1079
2007 01 8.36673
2008 01 31.2393
2009 01 53.0142
2010 01 28.5233
2011 01 44.262
2012 01 15.1768
2013 01 4.29862
2014 01 2.88081
2015 01 5.13732
2016 01 18.5729
1982 02 29.7067
1983 02 64.9554
1984 02 10.887
1985 02 43.815
1986 02 7.82462
1987 02 86.0603
1988 02 7.7188
1989 02 5.8282
1990 02 53.2931
1991 02 7.66391
1992 02 85.148
1993 02 24.9982
1994 02 2.28822
1995 02 0.385362
1996 02 0.531878
1997 02 23.2672
1998 02 19.9882
1999 02 7.79266
2000 02 2951.93
2001 02 88.0585
2002 02 27.4705
2003 02 9.28925
2004 02 152.072
2005 02 64.7436
2006 02 20.5415
2007 02 35.2003
2008 02 4.28409
2009 02 14.3886
2010 02 39.5624
2011 02 22.5489
2012 02 1.51995
2013 02 0.237534
2014 02 0.543677
2015 02 1.5709
2016 02 2.16817
1982 03 23.5668
1983 03 63.5152
1984 03 27.9301
1985 03 67.4773
1986 03 48.4373
1987 03 105.301
1988 03 33.8713
1989 03 38.5312
1990 03 86.1717
1991 03 20.515
1992 03 182.851
1993 03 75.5366
1994 03 6.06265
1995 03 6.00336
1996 03 10.3078
1997 03 46.0571
1998 03 54.8567
1999 03 10.7564
2000 03 28.3572
2001 03 43.6786
2002 03 89.5252
2003 03 40.4141
2004 03 77.8436
2005 03 60.5342
2006 03 33.4514
2007 03 59.9808
2008 03 59.8782
2009 03 60.7586
2010 03 98.2969
2011 03 51.3483
2012 03 50.8895
2013 03 85.2188
2014 03 67.7804
2015 03 360.206
2016 03 295.704
1982 04 522.174
1983 04 266.549
1984 04 12.1543
1985 04 403.19
1986 04 121.047
1987 04 803.09
1988 04 30.2058
1989 04 40.3898
1990 04 158.954
1991 04 59.4221
1992 04 262.958
1993 04 215.703
1994 04 116.697
1995 04 292.945
1996 04 18.5797
1997 04 233.161
1998 04 50.8371
1999 04 236.304
2000 04 37.5555
2001 04 70.7118
2002 04 88.3633
2003 04 9.37464
2004 04 41.8539
2005 04 123.109
2006 04 356.973
2007 04 207.772
2008 04 54.5685
2009 04 33.9645
2010 04 161.017
2011 04 25.9797
2012 04 40.6271
2013 04 40.017
2014 04 44.0843
2015 04 92.1113
2016 04 41.4298
1982 05 700.264
1983 05 4.09442
1984 05 0.646538
1985 05 318.019
1986 05 41.9038
1987 05 42.7581
1988 05 4.87931
1989 05 302.849
1990 05 197.966
1991 05 148.316
1992 05 286.242
1993 05 18.2729
1994 05 3.0678
1995 05 10.0186
1996 05 6.81675
1997 05 137.748
1998 05 2.21791
1999 05 380.245
2000 05 24.9763
2001 05 4.96999
2002 05 0.951448
2003 05 28.9746
2004 05 24.8596
2005 05 7.39705
2006 05 4.52002
2007 05 38.6365
2008 05 14.7536
2009 05 43.7849
2010 05 40.5747
2011 05 2.82351
2012 05 28.9127
2013 05 32.1443
2014 05 5.4185
2015 05 34.5978
2016 05 17.3622
1982 06 32.4153
1983 06 128.513
1984 06 0.54831
1985 06 40.2878
1986 06 34.1904
1987 06 39.4277
1988 06 69.7644
1989 06 6.16867
1990 06 13.3263
1991 06 14.939
1992 06 11.3247
1993 06 8.20499
1994 06 0.764298
1995 06 1.91442
1996 06 4.15285
1997 06 29.9961
1998 06 3.48454
1999 06 34.8188
2000 06 17.8497
2001 06 13.9087
2002 06 70.0594
2003 06 30.8359
2004 06 48.298
2005 06 10.8479
2006 06 7.06914
2007 06 11.9454
2008 06 26.1452
2009 06 37.0321
2010 06 777.89
2011 06 0.000109968
2012 06 0.156897
2013 06 102.601
2014 06 5.9846
2015 06 123.964
2016 06 9.81073
1982 07 47.6537
1983 07 10.7129
1984 07 27.7745
1985 07 14.9366
1986 07 108.171
1987 07 31.2766
1988 07 4.96031
1989 07 6.09471
1990 07 55.8069
1991 07 20.1251
1992 07 108.913
1993 07 16.825
1994 07 0.000298453
1995 07 106.371
1996 07 58.3976
1997 07 13.2623
1998 07 0.0635349
1999 07 35.6584
2000 07 25.8803
2001 07 5.49441
2002 07 23.8251
2003 07 17.2909
2004 07 70.1828
2005 07 121.096
2006 07 4.1682
2007 07 102.534
2008 07 18.3064
2009 07 9.58401
2010 07 310.078
2011 07 6.245
2012 07 2.99705
2013 07 7.84989
2014 07 1.2753
2015 07 8.66118
2016 07 10.6776
1982 08 15.1092
1983 08 3.45115
1984 08 14.1278
1985 08 18.9387
1986 08 24.2201
1987 08 26.7199
1988 08 42.4713
1989 08 31.4684
1990 08 26.4643
1991 08 35.5095
1992 08 47.999
1993 08 49.617
1994 08 28.7297
1995 08 33.5692
1996 08 27.443
1997 08 38.7597
1998 08 36.1567
1999 08 39.6013
2000 08 13.8646
2001 08 22.9984
2002 08 27.2999
2003 08 24.95
2004 08 31.4824
2005 08 27.3037
2006 08 21.9968
2007 08 23.6759
2008 08 29.3613
2009 08 22.8734
2010 08 30.1783
2011 08 8.46668
2012 08 25.812
2013 08 17.1747
2014 08 2.10091
2015 08 1.12837
2016 08 6.77012
1982 09 0.221503
1983 09 848.611
1984 09 170.465
1985 09 703.4
1986 09 790.946
1987 09 1.25769
1988 09 3.61871
1989 09 6.55139
1990 09 29.0096
1991 09 69.4506
1992 09 0.176157
1993 09 1.48265
1994 09 1.2747
1995 09 8.49262
1996 09 7.84879
1997 09 1.2516
1998 09 0.376809
1999 09 2.42185
2000 09 44.5547
2001 09 0.784605
2002 09 24.0853
2003 09 2.42801
2004 09 194.539
2005 09 21.8024
2006 09 288.464
2007 09 11.1383
2008 09 173.337
2009 09 7.52389
2010 09 16.5665
2011 09 15.2811
2012 09 0.392439
2013 09 7.60811
2014 09 170.147
2015 09 19.8068
2016 09 8.05455
1982 10 0.195532
1983 10 43.2732
1984 10 148.505
1985 10 79.6553
1986 10 45.1474
1987 10 0.587275
1988 10 0.156532
1989 10 0.0880864
1990 10 30.8779
1991 10 42.7864
1992 10 8.75744
1993 10 0.367322
1994 10 1.4158
1995 10 4.90212
1996 10 17.0951
1997 10 0.613337
1998 10 0.915
1999 10 1.17961
2000 10 103.108
2001 10 29.8496
2002 10 41.0347
2003 10 3.99671
2004 10 318.746
2005 10 10.8745
2006 10 41.1286
2007 10 6.7953
2008 10 58.5888
2009 10 2.43302
2010 10 10.293
2011 10 0.475573
2012 10 4.15565e-06
2013 10 0.410433
2014 10 14.3523
2015 10 20.6075
2016 10 46.5896
1982 11 10.6415
1983 11 20.6881
1984 11 31.3944
1985 11 20.4553
1986 11 22.0874
1987 11 11.2459
1988 11 9.80654
1989 11 4.53391
1990 11 16.6287
1991 11 40.4278
1992 11 21.7602
1993 11 8.82278
1994 11 12.7913
1995 11 10.7732
1996 11 21.5604
1997 11 13.662
1998 11 0.333955
1999 11 0.328252
2000 11 25.0857
2001 11 18.7511
2002 11 24.2741
2003 11 7.93287
2004 11 32.8657
2005 11 15.6585
2006 11 23.8676
2007 11 23.4926
2008 11 23.8877
2009 11 13.1922
2010 11 27.2052
2011 11 22.3812
2012 11 0.355041
2013 11 9.15125
2014 11 18.809
2015 11 13.7761
2016 11 22.8195
1982 12 36.5163
1983 12 27.0881
1984 12 99.0203
1985 12 17.1221
1986 12 69.3447
1987 12 12.5807
1988 12 1.2648
1989 12 29.9467
1990 12 39.3337
1991 12 154.737
1992 12 24.7895
1993 12 0.847664
1994 12 1.7189
1995 12 1.98084
1996 12 6.35575
1997 12 7.14867
1998 12 1.21135
1999 12 0.389074
2000 12 86.3219
2001 12 5.30482
2002 12 14.7017
2003 12 1.61253
2004 12 140.461
2005 12 15.1538
2006 12 65.5033
2007 12 37.2999
2008 12 49.3269
2009 12 14.0635
2010 12 24.7884
2011 12 3.49347
2012 12 2.03729
2013 12 5.70883
2014 12 20.7702
2015 12 26.1539
2016 12 27.5891
