1982 01 19.1846
1983 01 30.609
1984 01 5.89309
1985 01 38.8004
1986 01 9.10954
1987 01 90.0719
1988 01 6.69523
1989 01 5.47668
1990 01 60.515
1991 01 6.34071
1992 01 86.4161
1993 01 25.6692
1994 01 1.21975
1995 01 0.161102
1996 01 0.253682
1997 01 28.4653
1998 01 21.7929
1999 01 3.10199
2000 01 1173.92
2001 01 181.24
2002 01 18.7105
2003 01 5.30496
2004 01 167.546
2005 01 80.0175
2006 01 11.8717
2007 01 75.0325
2008 01 5.72864
2009 01 15.7216
2010 01 59.7256
2011 01 10.5412
2012 01 1.56175
2013 01 0.586372
2014 01 2.535
2015 01 15.9404
2016 01 14.0396
1982 02 82.598
1983 02 132.717
1984 02 33.6797
1985 02 159.563
1986 02 102.52
1987 02 640.356
1988 02 33.0181
1989 02 32.1207
1990 02 156.939
1991 02 8.92422
1992 02 1155.52
1993 02 35.0243
1994 02 9.48011
1995 02 24.1952
1996 02 9.16938
1997 02 138.233
1998 02 73.3054
1999 02 5.54383
2000 02 6.23781
2001 02 82.9972
2002 02 24.499
2003 02 25.3433
2004 02 41.6169
2005 02 74.0474
2006 02 18.1846
2007 02 58.2248
2008 02 36.1128
2009 02 15.3852
2010 02 41.6316
2011 02 7.55299
2012 02 25.1247
2013 02 66.1025
2014 02 68.4317
2015 02 321.14
2016 02 106.741
1982 03 227.746
1983 03 314.506
1984 03 25.1717
1985 03 195.563
1986 03 143.876
1987 03 751.461
1988 03 24.482
1989 03 48.506
1990 03 143.153
1991 03 58.3274
1992 03 371.655
1993 03 198.038
1994 03 56.6937
1995 03 87.7299
1996 03 11.6626
1997 03 151.547
1998 03 74.0011
1999 03 29.4271
2000 03 22.5943
2001 03 95.8951
2002 03 48.4255
2003 03 29.9
2004 03 81.6797
2005 03 83.5673
2006 03 145.481
2007 03 92.3244
2008 03 64.6038
2009 03 77.9768
2010 03 141.502
2011 03 42.0291
2012 03 134.598
2013 03 148.47
2014 03 86.6093
2015 03 375.266
2016 03 154.906
1982 04 87.2749
1983 04 42.3737
1984 04 0.0393471
1985 04 44.3474
1986 04 79.9991
1987 04 161.452
1988 04 5.03503
1989 04 25.2797
1990 04 207.242
1991 04 385.608
1992 04 448.739
1993 04 25.8487
1994 04 4.49479
1995 04 18.6828
1996 04 4.95629
1997 04 46.4463
1998 04 6.19529
1999 04 118.342
2000 04 15.8706
2001 04 33.5729
2002 04 1.30873
2003 04 77.8216
2004 04 41.5503
2005 04 72.0297
2006 04 3.47405
2007 04 46.3577
2008 04 10.6138
2009 04 5.30433
2010 04 62.6287
2011 04 0.139913
2012 04 6.6049
2013 04 2.68408
2014 04 1.40318
2015 04 113.324
2016 04 186.555
1982 05 50.1396
1983 05 20.6628
1984 05 0.101885
1985 05 10.4672
1986 05 27.896
1987 05 143.128
1988 05 202.467
1989 05 6.29723
1990 05 34.5741
1991 05 18.9876
1992 05 16.178
1993 05 7.48833
1994 05 3.95229
1995 05 1.66043
1996 05 7.27796
1997 05 37.2744
1998 05 12.8191
1999 05 69.5919
2000 05 38.5002
2001 05 8.39311
2002 05 62.9798
2003 05 16.6742
2004 05 62.7294
2005 05 13.8322
2006 05 12.8565
2007 05 18.5263
2008 05 13.6527
2009 05 39.1986
2010 05 374.195
2011 05 0.000215842
2012 05 0.148007
2013 05 48.3349
2014 05 2.34336
2015 05 25.5007
2016 05 3.22259
1982 06 340.431
1983 06 2.82208
1984 06 36.6865
1985 06 3.71264
1986 06 65.5583
1987 06 9.12272
1988 06 1.13237
1989 06 41.6853
1990 06 217.911
1991 06 315.767
1992 06 2.59571
1993 06 2.64257
1994 06 7.30477e-05
1995 06 36.0653
1996 06 24.1555
1997 06 31.6912
1998 06 0.0685919
1999 06 44.4629
2000 06 11.6104
2001 06 183.291
2002 06 260.186
2003 06 43.2931
2004 06 52.0901
2005 06 112.13
2006 06 37.253
2007 06 13.2019
2008 06 59.4347
2009 06 39.4344
2010 06 46.4078
2011 06 0.649759
2012 06 1.48199
2013 06 11.0884
2014 06 2.05564
2015 06 2.94075
2016 06 3.42324
1982 07 33.9626
1983 07 21.6474
1984 07 23.2679
1985 07 16.3524
1986 07 28.7774
1987 07 25.4574
1988 07 69.8342
1989 07 53.4377
1990 07 24.9068
1991 07 21.615
1992 07 32.7641
1993 07 26.6153
1994 07 21.0024
1995 07 20.3243
1996 07 28.8779
1997 07 27.2308
1998 07 99.63
1999 07 175.189
2000 07 12.1237
2001 07 15.7807
2002 07 22.7265
2003 07 31.9058
2004 07 31.9271
2005 07 15.943
2006 07 30.797
2007 07 24.6178
2008 07 34.6288
2009 07 21.1122
2010 07 26.4168
2011 07 28.6127
2012 07 78.4066
2013 07 21.1706
2014 07 5.00203
2015 07 3.31177
2016 07 7.0709
1982 08 0.455296
1983 08 458.836
1984 08 128.743
1985 08 702.537
1986 08 595.811
1987 08 2.42476
1988 08 1.55649
1989 08 2.71955
1990 08 15.9179
1991 08 133.806
1992 08 0.331512
1993 08 2.72032
1994 08 2.09455
1995 08 7.42855
1996 08 3.38459
1997 08 1.44507
1998 08 0.181765
1999 08 2.02217
2000 08 45.6021
2001 08 1.19525
2002 08 38.2421
2003 08 2.24904
2004 08 329.888
2005 08 50.7787
2006 08 436.878
2007 08 10.6513
2008 08 39.0366
2009 08 69.4241
2010 08 9.54888
2011 08 15.364
2012 08 0.830611
2013 08 7.97869
2014 08 15.6091
2015 08 2.515
2016 08 1.86282
1982 09 0.300666
1983 09 338.606
1984 09 53.9857
1985 09 17.495
1986 09 275.366
1987 09 0.422096
1988 09 0.502106
1989 09 0.0703841
1990 09 16.318
1991 09 636.758
1992 09 78.055
1993 09 0.0921854
1994 09 0.74528
1995 09 1.02431
1996 09 70.763
1997 09 1.40549
1998 09 0.707756
1999 09 0.4727
2000 09 59.9751
2001 09 24.8458
2002 09 71.7032
2003 09 1.5929
2004 09 77.8998
2005 09 10.8062
2006 09 56.0412
2007 09 35.2567
2008 09 11.5696
2009 09 15.5786
2010 09 0.590613
2011 09 0.435327
2012 09 6.49953e-05
2013 09 0.719166
2014 09 96.4295
2015 09 142.76
2016 09 78.463
1982 10 16.9826
1983 10 13.4643
1984 10 20.3916
1985 10 19.0169
1986 10 27.5707
1987 10 12.2445
1988 10 6.71884
1989 10 3.76427
1990 10 14.3363
1991 10 36.8284
1992 10 12.6891
1993 10 6.43918
1994 10 8.30028
1995 10 8.77107
1996 10 24.9239
1997 10 16.0328
1998 10 0.362244
1999 10 0.638828
2000 10 39.5569
2001 10 25.395
2002 10 33.503
2003 10 7.57249
2004 10 43.1688
2005 10 17.5033
2006 10 39.609
2007 10 26.8
2008 10 33.9841
2009 10 19.8048
2010 10 12.665
2011 10 11.9902
2012 10 0.365677
2013 10 9.89531
2014 10 37.567
2015 10 33.3451
2016 10 14.7348
1982 11 74.8694
1983 11 35.3981
1984 11 111.607
1985 11 18.1802
1986 11 66.5229
1987 11 12.0527
1988 11 1.6485
1989 11 23.9768
1990 11 34.0689
1991 11 175.475
1992 11 30.4047
1993 11 1.33266
1994 11 0.724641
1995 11 2.49187
1996 11 9.6477
1997 11 8.62745
1998 11 0.864457
1999 11 0.260611
2000 11 117.514
2001 11 5.81166
2002 11 16.4315
2003 11 1.53981
2004 11 181.789
2005 11 16.6265
2006 11 45.6965
2007 11 20.1256
2008 11 29.2264
2009 11 15.0915
2010 11 20.7241
2011 11 2.12559
2012 11 1.29107
2013 11 4.15787
2014 11 19.2684
2015 11 32.5149
2016 11 23.1009
1982 12 44.9558
1983 12 19.1659
1984 12 36.7874
1985 12 13.3059
1986 12 62.5387
1987 12 22.9748
1988 12 31.7641
1989 12 17.3866
1990 12 16.4117
1991 12 207.634
1992 12 31.2626
1993 12 10.035
1994 12 4.53696
1995 12 9.38117
1996 12 69.7783
1997 12 7.76236
1998 12 0.0100593
1999 12 1.27243
2000 12 35.1591
2001 12 14.8892
2002 12 13.1371
2003 12 10.865
2004 12 48.4623
2005 12 20.0426
2006 12 55.12
2007 12 24.6662
2008 12 28.8252
2009 12 49.779
2010 12 29.1887
2011 12 3.15286
2012 12 2.26028
2013 12 4.8084
2014 12 4.74098
2015 12 4.24525
2016 12 6.28551
