1982 01 37.691
1983 01 0.127771
1984 01 0.307332
1985 01 1.28845
1986 01 180.85
1987 01 166.884
1988 01 77.5868
1989 01 0.178912
1990 01 0.00481713
1991 01 5.09194
1992 01 165.287
1993 01 22.628
1994 01 0.000154447
1995 01 27.2159
1996 01 2.29231
1997 01 69.6893
1998 01 0.301964
1999 01 553.451
2000 01 6.62519
2001 01 220.898
2002 01 227.69
2003 01 173.429
2004 01 47.6531
2005 01 445.673
2006 01 0.151623
2007 01 4.41664
2008 01 118.438
2009 01 0.233878
2010 01 0.681301
2011 01 4.84143e-05
2012 01 0.000183898
2013 01 0.0588952
2014 01 2.90384
2015 01 0.000903373
2016 01 6.03642
1982 02 32.2441
1983 02 0.147399
1984 02 16.4593
1985 02 289.852
1986 02 6.34794
1987 02 81.8218
1988 02 64.5733
1989 02 0.255623
1990 02 0.00105375
1991 02 5.09074
1992 02 151.913
1993 02 89.7958
1994 02 0.00109013
1995 02 19.2914
1996 02 0.000420061
1997 02 58.8579
1998 02 1.88776
1999 02 114.937
2000 02 2.08933
2001 02 62.9508
2002 02 83.561
2003 02 18.0578
2004 02 12.8347
2005 02 180.105
2006 02 0.188571
2007 02 67.698
2008 02 62.1056
2009 02 0.180324
2010 02 69.5583
2011 02 0.445557
2012 02 0.000207938
2013 02 0.000225983
2014 02 0.147207
2015 02 0.00270738
2016 02 3.88553
1982 03 26.7447
1983 03 2.5979
1984 03 3.88787
1985 03 37.3115
1986 03 15.5366
1987 03 57.2406
1988 03 13.9974
1989 03 0.356412
1990 03 0.147353
1991 03 36.9482
1992 03 205.211
1993 03 23.4934
1994 03 0.147498
1995 03 40.3003
1996 03 1.66102
1997 03 2.80332
1998 03 0.853976
1999 03 10.6706
2000 03 1.1426
2001 03 72.6696
2002 03 15.2437
2003 03 114.383
2004 03 5.40152
2005 03 193.636
2006 03 0.509239
2007 03 8.56096
2008 03 0.967732
2009 03 0.912421
2010 03 40.843
2011 03 0.0898362
2012 03 0.41262
2013 03 11.1398
2014 03 5.83019
2015 03 3.90534
2016 03 18.2048
1982 04 27.087
1983 04 0.149996
1984 04 0.203387
1985 04 246.283
1986 04 0.690454
1987 04 60.659
1988 04 10.1114
1989 04 1.04402
1990 04 93.1318
1991 04 2.6711
1992 04 965.049
1993 04 392.558
1994 04 14.8282
1995 04 4.12437
1996 04 2.09441e-05
1997 04 30.7517
1998 04 6.24106
1999 04 95.3069
2000 04 13.4435
2001 04 38.7978
2002 04 15.4193
2003 04 30.0911
2004 04 165.071
2005 04 816.542
2006 04 0.0285361
2007 04 3.6572
2008 04 1.59485
2009 04 5.67931e-05
2010 04 2.91282
2011 04 0.0326663
2012 04 46.4487
2013 04 1.79856e-05
2014 04 0.0676444
2015 04 60.7162
2016 04 16.9135
1982 05 66.0503
1983 05 4.5534
1984 05 0.406695
1985 05 221.293
1986 05 4.37131
1987 05 111.195
1988 05 14.453
1989 05 5.19785
1990 05 334.584
1991 05 163.43
1992 05 1242.1
1993 05 31.5799
1994 05 8.44028
1995 05 77.6045
1996 05 0.0886894
1997 05 264.153
1998 05 37.3381
1999 05 162.166
2000 05 29.4425
2001 05 80.1756
2002 05 5.58826
2003 05 45.7409
2004 05 553.685
2005 05 173.36
2006 05 0.613461
2007 05 6.70367
2008 05 7.02626
2009 05 0.0460368
2010 05 228.402
2011 05 0.209
2012 05 23.9079
2013 05 0.0119887
2014 05 0.257325
2015 05 257.62
2016 05 28.0902
1982 06 551.427
1983 06 0.828121
1984 06 14.7817
1985 06 207.113
1986 06 16.2771
1987 06 200.532
1988 06 32.3778
1989 06 16.9662
1990 06 175.938
1991 06 85.8633
1992 06 9181.9
1993 06 654.99
1994 06 53.1801
1995 06 1.05891
1996 06 0.00217605
1997 06 83.7151
1998 06 0.14785
1999 06 1.65505
2000 06 0.525756
2001 06 70.2483
2002 06 138.676
2003 06 3.06183
2004 06 473.83
2005 06 41.1938
2006 06 11.1184
2007 06 122.398
2008 06 4.23399
2009 06 13.5269
2010 06 33.6167
2011 06 0.0482158
2012 06 55.2379
2013 06 6.19982
2014 06 30.7011
2015 06 206.614
2016 06 15.1428
1982 07 1.09793
1983 07 123.752
1984 07 0.00655231
1985 07 1.40421
1986 07 1.71705
1987 07 207.755
1988 07 0.774044
1989 07 9.96013
1990 07 8.38707
1991 07 0.361797
1992 07 4.2254
1993 07 29.4362
1994 07 26.0342
1995 07 8.28438
1996 07 3.87545
1997 07 19.8449
1998 07 0.0311255
1999 07 13.8793
2000 07 3.96645
2001 07 1.2917
2002 07 43.0693
2003 07 493.28
2004 07 45.1159
2005 07 2523.7
2006 07 8.41903
2007 07 536.822
2008 07 2.64299
2009 07 4.31177
2010 07 6.79125
2011 07 0.074383
2012 07 2.33332
2013 07 70.1004
2014 07 11.4805
2015 07 10.0647
2016 07 207.608
1982 08 0.0872776
1983 08 2.20286
1984 08 0.00107771
1985 08 2.81866
1986 08 0.0802004
1987 08 10.1041
1988 08 1.46837
1989 08 1.00928e-05
1990 08 5.02966
1991 08 0.360043
1992 08 3.74008
1993 08 0.843726
1994 08 0.0195993
1995 08 3.84774
1996 08 2.13382
1997 08 40.5998
1998 08 0.00603378
1999 08 4.63562
2000 08 0.0140584
2001 08 0.861658
2002 08 6.32041
2003 08 8.70683
2004 08 24.9536
2005 08 59.3044
2006 08 7.70591
2007 08 38.2394
2008 08 1.45358
2009 08 0.0907936
2010 08 85.3057
2011 08 9.19968
2012 08 0.136612
2013 08 6.68897
2014 08 2.50101
2015 08 85.2701
2016 08 41.1501
1982 09 35.661
1983 09 20.1595
1984 09 1.1582
1985 09 126.68
1986 09 3.91879
1987 09 332.589
1988 09 381.817
1989 09 45.125
1990 09 2788.61
1991 09 432.98
1992 09 59.7834
1993 09 0.0726056
1994 09 73.1951
1995 09 1.03689
1996 09 193.008
1997 09 0.970764
1998 09 0.657371
1999 09 31.9943
2000 09 0.0722205
2001 09 3.18859
2002 09 199.422
2003 09 51.1436
2004 09 1296.89
2005 09 79.4318
2006 09 0.0134525
2007 09 854.706
2008 09 67.0846
2009 09 0.0668069
2010 09 195.284
2011 09 0.167043
2012 09 0.125531
2013 09 3.43703
2014 09 0.507389
2015 09 0.769787
2016 09 235.707
1982 10 69.202
1983 10 34.8488
1984 10 33.9364
1985 10 35.423
1986 10 39.3832
1987 10 47.7589
1988 10 39.4518
1989 10 36.4652
1990 10 44.2652
1991 10 50.4028
1992 10 108.912
1993 10 94.4275
1994 10 91.6238
1995 10 31.8553
1996 10 41.9313
1997 10 140.594
1998 10 27.0074
1999 10 23.3718
2000 10 56.9948
2001 10 58.6655
2002 10 58.6166
2003 10 26.4832
2004 10 63.0026
2005 10 33.1259
2006 10 31.7837
2007 10 33.9599
2008 10 42.0108
2009 10 63.6957
2010 10 40.5601
2011 10 38.1741
2012 10 21.145
2013 10 17.031
2014 10 33.4841
2015 10 76.8168
2016 10 30.0526
1982 11 179.634
1983 11 6.37651
1984 11 38.6155
1985 11 43.3067
1986 11 194.157
1987 11 36.763
1988 11 4.35131
1989 11 15.2581
1990 11 55.1397
1991 11 60.5061
1992 11 40.8986
1993 11 0.708361
1994 11 48.2828
1995 11 3.12095
1996 11 31.629
1997 11 14.3834
1998 11 21.1162
1999 11 3.1903
2000 11 2.79979
2001 11 0.000156416
2002 11 182.557
2003 11 109.531
2004 11 38.5317
2005 11 16.6625
2006 11 34.6361
2007 11 32.4098
2008 11 0.836993
2009 11 9.74899
2010 11 4.06191
2011 11 38.2503
2012 11 31.2913
2013 11 264.734
2014 11 41.94
2015 11 358.46
2016 11 29.3565
1982 12 0.424065
1983 12 5.66835
1984 12 9.99618
1985 12 109.757
1986 12 67.341
1987 12 18.8665
1988 12 5.65653
1989 12 3.44989
1990 12 11.5628
1991 12 12.197
1992 12 18.1741
1993 12 0.000325815
1994 12 14.2579
1995 12 15.8119
1996 12 82.7626
1997 12 2.51614
1998 12 6.10535
1999 12 0.086651
2000 12 30.8668
2001 12 338.774
2002 12 151.629
2003 12 28.8953
2004 12 64.435
2005 12 0.559582
2006 12 0.0234046
2007 12 1.65905
2008 12 0.00243345
2009 12 4.31605
2010 12 1.77529e-05
2011 12 0.123268
2012 12 2.00002
2013 12 29.4635
2014 12 0.000373803
2015 12 13.3567
2016 12 5.3237
