STN,08.0
LAT,33.0081577
LON,-100.1806589
1958 3.64806
1959 5.0758
1960 2.82732
1961 4.18966
1962 3.87536
1963 0.548179
1964 2.81541
1965 5.8354
1966 6.03045
1967 3.19459
1968 4.50203
1969 2.38877
1970 -3.24163
1971 6.99851
1972 7.95402
1973 2.56496
1974 4.31749
1975 5.33946
1976 2.0618
1977 4.63473
1978 -0.10303
1979 4.13196
1980 1.61544
1981 4.8227
1982 3.75654
1983 0.959389
1984 3.56389
1985 2.70137
1986 5.71208
1987 3.13984
1988 0.329376
1989 2.84492
1990 5.62185
1991 4.88734
1992 4.65871
1993 3.35341
1994 -9.21034
1995 4.93591
1996 5.02191
1997 2.72786
1998 -9.21034
1999 3.50255
2000 1.97271
2001 2.3224
2002 2.85071
2003 3.57795
2004 4.85826
2005 6.82535
2006 1.4679
2007 5.46933
2008 4.04481
2009 3.28467
2010 5.32593
2011 -1.49121
2012 -3.07694
2013 4.83151
2014 0.84161
2015 4.27528
