STN,11.0
LAT,33.0081577
LON,-100.1806589
1958 3.01063
1959 2.29959
1960 4.24992
1961 4.39198
1962 3.00569
1963 3.73767
1964 1.05435
1965 1.02608
1966 -1.09035
1967 0.985854
1968 3.72086
1969 4.81705
1970 -9.21034
1971 3.6763
1972 4.58803
1973 0.802046
1974 4.46821
1975 4.3464
1976 3.7612
1977 -9.21034
1978 3.31055
1979 1.1086
1980 3.421
1981 3.82647
1982 -1.39796
1983 4.95089
1984 5.56605
1985 3.88773
1986 5.0689
1987 0.500836
1988 -0.311838
1989 -1.46059
1990 3.58074
1991 4.5326
1992 2.70806
1993 -1.39392
1994 0.336544
1995 2.20167
1996 3.56671
1997 0.0488854
1998 -0.368025
1999 0.0488854
2000 4.89933
2001 3.71601
2002 3.92593
2003 2.06561
2004 6.79066
2005 2.76633
2006 4.74406
2007 2.61008
2008 4.48187
2009 1.29749
2010 3.62966
2011 1.63707
2012 -9.21034
2013 0.530687
2014 4.29456
2015 3.50856
