STN,14.0
LAT,33.0081577
LON,-100.1806589
1958 -1.58915
1959 2.24603
1960 3.8959
1961 -0.272991
1962 0.751463
1963 2.45101
1964 -2.58893
1965 1.56864
1966 -2.34237
1967 3.49348
1968 0.270103
1969 2.35138
1970 -9.21034
1971 1.96713
1972 4.62889
1973 -4.50081
1974 3.09105
1975 -0.0713886
1976 2.3026
1977 0.625992
1978 2.36086
1979 2.92853
1980 3.26194
1981 3.1355
1982 3.73529
1983 2.6319
1984 4.05179
1985 2.88481
1986 4.82109
1987 2.78502
1988 3.38778
1989 2.3979
1990 2.66027
1991 6.05772
1992 3.85228
1993 1.18482
1994 -3.26754
1995 -0.317317
1996 4.96004
1997 2.2555
1998 -5.27851
1999 0.63663
2000 4.39938
2001 2.22679
2002 2.28137
2003 1.67712
2004 4.483
2005 2.50961
2006 3.52636
2007 2.62468
2008 3.17388
2009 3.93183
2010 3.16969
2011 0.657572
2012 0.0770536
2013 2.37025
2014 3.38439
2015 3.2426
