STN,02.0
LAT,28.30888906
LON,-98.5572384
1958 8.47491
1959 4.35028
1960 4.19419
1961 5.4566
1962 -2.04717
1963 2.97553
1964 -9.21034
1965 2.72786
1966 2.41592
1967 -0.765503
1968 5.18627
1969 0.231191
1970 4.34899
1971 -1.92346
1972 4.69135
1973 4.25135
1974 4.36818
1975 4.35799
1976 -0.078935
1977 5.74844
1978 -0.22803
1979 -0.872035
1980 -2.97397
1981 -1.56494
1982 3.8373
1983 0.157089
1984 -1.65496
1985 4.27944
1986 1.579
1987 4.99383
1988 4.18966
1989 -1.03818
1990 -9.21034
1991 4.13996
1992 6.81652
1993 4.46935
1994 -9.21034
1995 1.00434
1996 -9.21034
1997 2.34182
1998 1.11189
1999 4.66721
2000 1.01888
2001 4.4987
2002 4.03424
2003 4.39322
2004 4.48413
2005 5.4476
2006 -1.76551
2007 2.56496
2008 4.02535
2009 -2.82852
2010 5.55024
2011 -0.176618
2012 -9.21034
2013 2.56496
2014 -1.63424
2015 -9.21034
