STN,05.0
LAT,33.0081577
LON,-100.1806589
1958 6.37093
1959 4.48864
1960 3.8795
1961 0.512884
1962 1.34028
1963 5.76079
1964 2.40695
1965 7.03966
1966 5.05816
1967 4.35543
1968 4.32015
1969 6.58865
1970 4.38826
1971 6.22792
1972 3.90197
1973 2.84492
1974 3.54674
1975 4.37952
1976 3.86283
1977 4.91118
1978 5.37805
1979 4.32281
1980 6.72143
1981 4.80238
1982 7.02731
1983 6.16961
1984 -0.694949
1985 6.00413
1986 4.37576
1987 6.62486
1988 2.83322
1989 1.54118
1990 3.92986
1991 3.56671
1992 6.75297
1993 4.03247
1994 5.09436
1995 5.19794
1996 -0.17067
1997 4.77744
1998 1.57072
1999 4.64535
2000 3.84802
2001 2.43362
2002 3.21888
2003 1.54118
2004 3.34639
2005 3.13984
2006 5.43241
2007 5.5786
2008 4.13996
2009 2.63906
2010 5.12039
2011 0.989578
2012 3.23081
2013 3.8221
2014 3.50255
2015 6.37894
