STN,09.0
LAT,33.0081577
LON,-100.1806589
1958 5.10352
1959 -1.87666
1960 -0.058583
1961 3.13114
1962 7.23201
1963 5.21222
1964 3.41773
1965 4.2932
1966 5.76582
1967 5.14633
1968 1.2238
1969 6.95177
1970 1.78004
1971 6.60975
1972 5.68833
1973 4.97604
1974 6.07718
1975 5.30529
1976 5.17897
1977 2.38877
1978 5.30529
1979 2.0894
1980 6.91473
1981 3.05871
1982 0.190703
1983 -9.21034
1984 4.48976
1985 4.237
1986 6.57828
1987 4.66061
1988 4.95371
1989 4.34121
1990 3.45947
1991 5.67573
1992 4.60016
1993 2.97042
1994 1.45864
1995 5.44328
1996 4.89035
1997 1.92134
1998 -9.21034
1999 3.96272
2000 -5.27851
2001 2.43362
2002 1.71741
2003 3.52342
2004 4.7458
2005 4.51525
2006 5.03695
2007 4.49981
2008 6.30372
2009 3.12676
2010 5.07705
2011 -9.21034
2012 1.01164
2013 3.30322
2014 5.04343
2015 2.84492
