xmlns:cpt=http://iri.columbia.edu/CPT/v10/
cpt:nfields=3
cpt:field=undefined_relodds_B, cpt:nrow=58, cpt:ncol=1, cpt:row=T, cpt:col=station, cpt:missing=-999.00000000000000               
	04.0
cpt:Y	28.308889059999998
cpt:X	-98.557238400000003
1958	0.18838257330260624
1959	0.90189105454287333
1960	1.2173484072050245
1961	0.99108326253165846
1962	35.985209907177584
1963	13.414898702426319
1964	1.6814196553995591
1965	3.8437356584159676
1966	2.4427883854168768
1967	7.9507739554768939
1968	0.45234474717633333
1969	8.5954566795069276
1970	0.60721218207353544
1971	10.313018096822397
1972	0.33992380922303983
1973	0.75516794553144861
1974	0.60923198761787223
1975	0.60441373208062243
1976	2.7915495199759413
1977	0.33827083783238315
1978	5.1038691655448947
1979	7.8086201819885988
1980	9.0983670459404316
1981	1.5505835150553535
1982	0.46747788145413133
1983	3.4697882159447224
1984	3.1875766040341582
1985	0.28463577561210324
1986	2.4737722391889179
1987	0.21356454397503657
1988	1.3013479753924055
1989	2.1922587745151816
1990	0.29866217428280301
1991	1.6276376940136135
1992	0.16128682269389458
1993	0.57952265804551928
1994	1.7942880805573440
1995	1.1808346184366840
1996	148.06693014724084
1997	0.59643046447747761
1998	1.6783245354403455
1999	0.57096939356684062
2000	1.4177095066162546
2001	0.42128990962120111
2002	1.6966037669883525
2003	0.49915954920684058
2004	0.49332594081319503
2005	0.37923088836328062
2006	8.3660553600312202
2007	2.0547295316075820
2008	2.3840019689608773
2009	48.693548281511134
2010	0.83319196493151315
2011	8.7661145987897982
2012	0.88439559701665615
2013	113.12391609541518
2014	6.3611268082855386
2015	0.52192346718832039
cpt:field=undefined_relodds_N, cpt:nrow=58, cpt:ncol=1, cpt:row=T, cpt:col=station, cpt:missing=-999.00000000000000               
	04.0
cpt:Y	28.308889059999998
cpt:X	-98.557238400000003
1958	0.49239823028721819
1959	0.95010515852640887
1960	0.93668049314230084
1961	0.94152939146418191
1962	9.2148631684970922E-002
1963	0.22841263265672218
1964	0.88640198691996686
1965	0.60451119731821101
1966	0.76702723067592682
1967	0.35654967776964069
1968	0.80354020217878042
1969	0.33051177115520797
1970	0.88793581752406836
1971	0.28611857522653739
1972	0.70854629787287482
1973	0.87065780535420356
1974	0.85143004045502491
1975	0.88835005492294850
1976	0.71049646714232395
1977	0.69160169933440752
1978	0.50121718536877335
1979	0.36156864438923597
1980	0.31528550807645672
1981	0.89855205859826548
1982	0.81653482077568185
1983	0.62782257604431413
1984	0.67661038070534851
1985	0.59507855460661541
1986	0.77493061304036681
1987	0.53944450434521873
1988	0.93080249251124891
1989	0.78509465498282027
1990	0.66466267856778516
1991	0.88414323940214079
1992	0.45069311285245611
1993	0.87214580669557040
1994	0.85908118635936903
1995	0.93928036681483607
1996	2.3579963046305805E-002
1997	0.88554127957676820
1998	0.83360474103704318
1999	0.81723415147498635
2000	0.90087769914089322
2001	0.76988507954061114
2002	0.89155434380435461
2003	0.80270871084909368
2004	0.82084950861541017
2005	0.74214248206307465
2006	0.33748390223221875
2007	0.84011506125972746
2008	0.76340830620772726
2009	6.8201796927770314E-002
2010	0.92601893558435222
2011	0.32164114629637575
2012	0.92326734220419893
2013	3.0590785995393617E-002
2014	0.42510972282771792
2015	0.80100722194136331
cpt:field=undefined_relodds_A, cpt:nrow=58, cpt:ncol=1, cpt:row=T, cpt:col=station, cpt:missing=-999.00000000000000               
	04.0
cpt:Y	28.308889059999998
cpt:X	-98.557238400000003
1958	5.0511163033105539
1959	1.1602949886945011
1960	0.86808653764554400
1961	1.0701804195155702
1962	1.7363646625377351E-002
1963	5.6015012789789584E-002
1964	0.61839347658617683
1965	0.24755778351237634
1966	0.41827765199278938
1967	0.10457156530690322
1968	2.2456513727956877
1969	9.8505429217813564E-002
1970	1.7012297506956313
1971	7.7436386559668099E-002
1972	2.9156010995478003
1973	1.4638811723256229
1974	1.7587733549656253
1975	1.7062018869559241
1976	0.36763082771700467
1977	2.9798924435276692
1978	0.17662769289893129
1979	0.10703082673280921
1980	9.2118140283463892E-002
1981	0.67840657370844004
1982	2.1722005420173036
1983	0.29024572813170252
1984	0.30614061815605714
1985	3.6513561127542307
1986	0.40323601272995874
1987	4.4744591855280937
1988	0.80985736716500978
1989	0.48502225761935158
1990	3.2719725150917789
1991	0.64819921312368700
1992	5.7360547058809086
1993	1.7855896986019393
1994	0.58609610564874515
1995	0.89521264763296271
1996	3.3551973030614907E-003
1997	1.7271652248978426
1998	0.66503408696305077
1999	1.9049750236759710
2000	0.75722781432788289
2001	2.4253428908845813
2002	0.60656510450027146
2003	2.1140786207538684
2004	2.0912151962279983
2005	2.6507786696293407
2006	0.10207306939318760
2007	0.49205026875919083
2008	0.43887005471020019
2009	1.3037189289364096E-002
2010	1.2756821486964709
2011	9.9137248713198164E-002
2012	1.2131204403678142
2013	4.6259077383473185E-003
2014	0.13654022148731074
2015	2.0574069501922199
