xmlns:cpt=http://iri.columbia.edu/CPT/v10/
cpt:nfields=1
cpt:field=eigenvalues, cpt:nrow=9, cpt:ncol=3, cpt:row=mode, cpt:col=index 
Mode	Eigenvalue	% variance	Cum. % variance
1	4.6622542671660554	51.802825190733927	51.802825190733927
2	1.9385685521389140	21.539650579321258	73.342475770055188
3	1.1929716882615620	13.255240980684016	86.597716750739195
4	0.60008713786409873	6.6676348651566499	93.265351615895852
5	0.33875179791646126	3.7639088657384567	97.029260481634324
6	0.14674133216692228	1.6304592462991359	98.659719727933449
7	7.4916019058341443E-002	0.83240021175934908	99.492119939692799
8	3.5626531281009899E-002	0.39585034756677651	99.887970287259563
9	1.0082674146638826E-002	0.11202971274043136	100.00000000000000
