xmlns:cpt=http://iri.columbia.edu/CPT/v10/
cpt:nfields=3
cpt:field=undefined_relodds_B, cpt:nrow=28, cpt:ncol=1, cpt:row=T, cpt:col=station, cpt:missing=-999.00000000000000               
	07.0
cpt:Y	28.308889059999998
cpt:X	-98.557238400000003
1983	0.65365883218282106
1984	33.525227426516665
1985	2.3913809067545033
1986	2.3835639519839060
1987	0.54701130053893510
1988	6.0035914969837423
1989	2.7768641673498826
1990	1.0915985889193911
1991	3.2139223695701933
1992	0.81652715449846802
1993	0.95921520478345113
1994	1.5318965180286486
1995	1.3747837994224592
1996	1.7957277767952686
1997	1.2725385675863341
1998	6.3965835045899047
1999	1.5599562862681415
2000	2.2595024032664472
2001	4.4941896952421576
2002	0.50964725988045068
2003	0.38203677903139127
2004	0.76278604090077951
2005	0.32961620309801071
2006	1.3311345319746721
2007	0.43445931720378095
2008	2.4020581973124768
2009	2.3575552407055693
2010	1.1457946199126592
cpt:field=undefined_relodds_N, cpt:nrow=28, cpt:ncol=1, cpt:row=T, cpt:col=station, cpt:missing=-999.00000000000000               
	07.0
cpt:Y	28.308889059999998
cpt:X	-98.557238400000003
1983	0.78494990349245120
1984	8.6711334498888223E-002
1985	0.72212905765206026
1986	0.74608925347057142
1987	0.78623421397659654
1988	0.39284412440483746
1989	0.67971560517039098
1990	0.87267288266986887
1991	0.64878211023601184
1992	0.70786714425675779
1993	0.86035743893360550
1994	0.81259687485758136
1995	0.89150882030959655
1996	0.84116184857737009
1997	0.86042543759392132
1998	0.37915042810014454
1999	0.85899170186199492
2000	0.77432556137968689
2001	0.51492162561683585
2002	0.70747861989245198
2003	0.67896009327717288
2004	0.84129972542294984
2005	0.53266343056021093
2006	0.84943893525480474
2007	0.68898114485363204
2008	0.74677895133980599
2009	0.75757227088770440
2010	0.81393219907301362
cpt:field=undefined_relodds_A, cpt:nrow=28, cpt:ncol=1, cpt:row=T, cpt:col=station, cpt:missing=-999.00000000000000               
	07.0
cpt:Y	28.308889059999998
cpt:X	-98.557238400000003
1983	1.7866033852741061
1984	2.9929190509940775E-002
1985	0.46961334253939230
1986	0.45265819954071984
1987	2.0245399929896348
1988	0.18749754339606636
1989	0.39530301099101339
1990	1.0447435464019899
1991	0.32194287705996977
1992	1.6276771039854512
1993	1.2003491197937903
1994	0.76760921459361531
1995	0.79450976516356508
1996	0.60025797222692490
1997	0.89999248517558184
1998	0.17114796241648181
1999	0.70764956841354565
2000	0.47046052219375312
2001	0.23020389477664130
2002	2.3068121693683246
2003	2.8329717526802862
2004	1.4953434031842860
2005	3.6849354717928025
2006	0.86651476094670887
2007	2.6010201184183019
2008	0.44635900429936953
2009	0.45172731591905257
2010	1.0605308372836844
