xmlns:cpt=http://iri.columbia.edu/CPT/v10/
cpt:nfields=1
cpt:field=X_scores, cpt:nrow=28, cpt:ncol=4, cpt:row=T, cpt:col=index 
	1	2	3	4
1983	-1.8361624590926284	-1.5534904838669896	-1.5545061728060501	0.11897655941534913
1984	-0.76695539097639320	-0.38335748358002575	0.56596633742515468	-0.23837977203605534
1985	0.33484834107356748	0.98181478834817493	0.84763672476651852	-0.37614675171693623
1986	-0.92050101728048861	-5.9463826703339467E-002	-0.86113370533937905	-0.60900041212110911
1987	-6.0474136524971192	-0.19889612044883531	-3.1678380272568340E-003	0.54638890964492248
1988	-1.6177110761400879	-0.19451602208266680	0.54134277069358450	-1.3508251815481576
1989	2.4951164953959299	0.45247682550367230	-0.24920611622065875	-0.63538853994994438
1990	0.66938146546064581	1.0142716174165627	0.30445903347021447	0.40060934335012610
1991	-0.45315922378561252	0.39374319930744511	0.66661988814693107	0.13037188004760830
1992	-7.5881712599013289	0.36467699366750861	-0.71014190547014500	0.61164079097366253
1993	-0.87531884862829978	1.0698519212695401	-1.5915555322964889	-0.37605952908383883
1994	-1.6971943489247034	-3.5414399338216287E-002	0.68410896771226049	-0.20011136642597918
1995	0.76218553796900523	-0.78389413790231577	-0.24187714640386027	-0.26067767803998582
1996	1.7479568967049688	-2.5865765890062611	-0.28046744399998269	-0.36073762591258091
1997	1.5412115306595255	1.0137426726670138	-0.85124854575241427	-0.57641213546754189
1998	2.6296823942344760	-2.3097577095608655	-1.4835926791476102	0.79435754753622156
1999	1.6030973438445311	-0.14869574836576949	2.1299773759984002	-0.12003356485670359
2000	-0.15346248842276652	-1.1908453305763420	1.1417537969141642	-5.3559335792633202E-002
2001	-0.38058945105727610	0.31253573951163138	1.1756157105805841E-002	-1.1136259691056822
2002	-2.5021059222853532	3.2618096991057492E-002	1.3534433979186764	0.59625695560399539
2003	1.8882147971977370	-0.41848877929753325	1.3788313825577780E-002	-4.9806663304541469E-002
2004	-0.18622354492842283	1.5032386486463907	-0.40952707390107385	0.18803883091642684
2005	2.2756994961316730	0.97319628408212022	-0.74397454107246519	0.80479895946259505
2006	0.13351304990638083	-0.40870672515136508	1.1447636566606654	0.97323590586391151
2007	1.1360348719733493	1.2062875099054473	-0.69899128427687163	1.3050397870902010E-002
2008	2.7292077805540109	-0.12669547954904997	1.0950033105453518	0.40167846293872933
2009	0.85751501790494189	-5.2916078644075444E-002	-0.35937535330224418	-0.26064013692570553
2010	4.2213036649094304	1.1332606167572525	-0.46185439316688742	1.0020001186624408
