xmlns:cpt=http://iri.columbia.edu/CPT/v10/
cpt:nfields=1
cpt:field=X_loadings, cpt:nrow=9, cpt:ncol=4, cpt:row=station, cpt:col=mode 
Station	Latitude	Longitude	1	2	3	4
prec_1	29.301359999999999	-101.25000000000000	-0.35364928958535324	-0.23306255753699706	0.17073905568631509	0.40074441663815530
prec_2	29.301359999999999	-98.437500000000000	-0.30746612155975583	-1.9065269572753452E-002	0.55855625702841771	-0.42739368833415542
prec_3	26.510770000000001	-101.25000000000000	-0.34066393050072891	-0.28341947871734258	0.19865592574418467	0.50823870945493155
prec_4	26.510770000000001	-98.437500000000000	-0.32982935086362219	-0.11490199625492531	0.37629568952137360	-0.31801917932049117
st_1	29.301359999999999	-101.25000000000000	0.38601428145866173	-0.11408927715985757	0.30085054702765274	-0.12749875332004815
st_2	29.301359999999999	-98.437500000000000	0.36778536747412527	-0.16803624923969715	0.21098456452636888	0.24055285089916251
st_3	26.510770000000001	-101.25000000000000	0.37973140439497222	-6.8314001196179377E-002	0.28320680694940864	-0.17227326882399319
st_4	26.510770000000001	-98.437500000000000	0.35568613165200019	-0.19661440887171955	0.36878487853210534	0.31512851719619672
08.0	28.308889059999998	-98.557238400000003	-2.3995501286458436E-002	0.87590679718440601	0.35576191415111647	0.30690404986888054
