xmlns:cpt=http://iri.columbia.edu/CPT/v10/
cpt:nfields=1
cpt:field=X_loadings, cpt:nrow=9, cpt:ncol=4, cpt:row=station, cpt:col=mode 
Station	Latitude	Longitude	1	2	3	4
prec_1	29.301359999999999	-101.25000000000000	-0.33553766516175898	0.34047874403486150	0.15732466250199587	-0.48120079926012471
prec_2	29.301359999999999	-98.437500000000000	-0.32263510914087079	0.42503811205879410	-8.5743387730301407E-002	0.25024731237603903
prec_3	26.510770000000001	-101.25000000000000	-0.33004103378253558	0.39017351249926463	0.10439664810532849	-0.26566702939010628
prec_4	26.510770000000001	-98.437500000000000	-0.31597531841572035	0.32652294233600199	2.8836159313194366E-002	0.63332098958125937
st_1	29.301359999999999	-101.25000000000000	0.38755711920004038	0.25235579537762576	0.11569344470258172	0.31255813378869857
st_2	29.301359999999999	-98.437500000000000	0.38092110724255346	0.25263192376024113	0.18391726359260235	-1.8180396496822959E-002
st_3	26.510770000000001	-101.25000000000000	0.36987825515719663	0.30637496100337402	0.10389066575118158	0.12911755427672578
st_4	26.510770000000001	-98.437500000000000	0.34655474700512229	0.39791778884815965	0.15877361643996818	-0.32421372341722599
08.0	28.308889059999998	-98.557238400000003	-0.14947256900130662	-0.25466390921185628	0.93432005924490935	0.11974402699975237
