xmlns:cpt=http://iri.columbia.edu/CPT/v10/
cpt:nfields=3
cpt:field=undefined_prob_B, cpt:nrow=58, cpt:ncol=1, cpt:row=T, cpt:col=station, cpt:units=%, cpt:missing=-999.00000000000000               
	04.0
cpt:Y	28.308889059999998
cpt:X	-98.557238400000003
1958	14.168075918099362
1959	30.719053919970449
1960	32.806171128949302
1961	26.751593770810558
1962	93.450280952482899
1963	87.357453756728162
1964	41.994285140768994
1965	62.127529470327190
1966	53.043074037644402
1967	81.858228615646937
1968	20.500660754264359
1969	81.041268245415466
1970	26.957485152650534
1971	81.766541420964103
1972	23.379292291668747
1973	26.847863935967851
1974	21.499831845153324
1975	35.687638648802945
1976	64.551444305936286
1977	16.776878118095325
1978	58.948123674385386
1979	80.447951412692618
1980	78.342138607438926
1981	30.216184964285247
1982	25.978614102784164
1983	64.278797459934424
1984	66.918528379253033
1985	16.033688457050218
1986	52.253422037189608
1987	18.422046158443408
1988	32.888760484820352
1989	56.545021274189509
1990	16.313761910275886
1991	42.179204731503781
1992	8.4590406390562407
1993	16.349215794843204
1994	31.077853113503380
1995	36.947036466113929
1996	98.428941690456099
1997	24.596867185988287
1998	34.876498065308695
1999	24.222866748650105
2000	38.117704311216215
2001	27.578257869080105
2002	34.854601714911638
2003	24.050339336450648
2004	15.541939921165365
2005	12.672515957309429
2006	79.543628942688983
2007	42.133637451897634
2008	48.496381076765225
2009	98.099032714361883
2010	46.523613555131270
2011	81.935870356904758
2012	29.458231125776067
2013	98.281600618988932
2014	74.085130976802461
2015	23.143645863216676
cpt:field=undefined_prob_N, cpt:nrow=58, cpt:ncol=1, cpt:row=T, cpt:col=station, cpt:units=%, cpt:missing=-999.00000000000000               
	04.0
cpt:Y	28.308889059999998
cpt:X	-98.557238400000003
1958	24.370322370279347
1959	30.979335926157930
1960	31.386824936055582
1961	30.843968688885028
1962	5.3699168669895174
1963	9.8223528797626916
1964	30.481193906229407
1965	23.851004778073474
1966	28.029019374807387
1967	13.679357378765086
1968	28.467840131087755
1969	14.138926822657901
1970	30.240384414567352
1971	13.708145813981425
1972	29.341448666578081
1973	30.595789466887872
1974	28.366986625473714
1975	31.509754216240246
1976	23.631116250300302
1977	26.112962044997673
1978	25.723299802135017
1979	14.559946982529372
1980	15.766094592957081
1981	31.458846789052444
1982	30.911336696338807
1983	23.239528950728193
1984	22.488535953277918
1985	26.141799246468182
1986	28.557389413319786
1987	27.551217800358216
1988	31.538340442673814
1989	26.642717504492204
1990	26.899697495429272
1991	30.613042639118206
1992	19.344328173561621
1993	25.748041511801375
1994	31.445290533417712
1995	31.470464129979050
1996	1.3575224828700574
1997	30.403791677915144
1998	30.139668647181111
1999	28.760511993060412
2000	29.543962893175795
2001	30.215113328843358
2002	31.341240658015458
2003	30.199993892955639
2004	26.431972048901905
2005	22.677530355773399
2006	15.197886210936275
2007	31.130760586574443
2008	28.096786359621262
2009	1.6325286315430250
2010	29.780576316401536
2011	13.318307489652264
2012	30.021879391533830
2013	1.4807340728580547
2014	18.161478972663495
2015	28.902025016065245
cpt:field=undefined_prob_A, cpt:nrow=58, cpt:ncol=1, cpt:row=T, cpt:col=station, cpt:units=%, cpt:missing=-999.00000000000000               
	04.0
cpt:Y	28.308889059999998
cpt:X	-98.557238400000003
1958	61.461601711621292
1959	38.301610153871621
1960	35.807003934995116
1961	42.404437540304414
1962	1.1798021805275887
1963	2.8201933635091465
1964	27.524520953001598
1965	14.021465751599335
1966	18.927906587548211
1967	4.4624140055879851
1968	51.031499114647886
1969	4.8198049319266305
1970	42.802130432782114
1971	4.5253127650544771
1972	47.279259041753171
1973	42.556346597144277
1974	50.133181529372962
1975	32.802607134956808
1976	11.817439443763419
1977	57.110159836907002
1978	15.328576523479596
1979	4.9921016047780178
1980	5.8917667996039880
1981	38.324968246662309
1982	43.110049200877029
1983	12.481673589337378
1984	10.592935667469048
1985	57.824512296481601
1986	19.189188549490606
1987	54.026736041198376
1988	35.572899072505834
1989	16.812261221318288
1990	56.786540594294841
1991	27.207752629378014
1992	72.196631187382138
1993	57.902742693355421
1994	37.476856353078908
1995	31.582499403907022
1996	0.21353582667383728
1997	44.999341136096568
1998	34.983833287510194
1999	47.016621258289483
2000	32.338332795607990
2001	42.206628802076537
2002	33.804157627072904
2003	45.749666770593713
2004	58.026088029932730
2005	64.649953686917172
2006	5.2584848463747464
2007	26.735601961527923
2008	23.406832563613513
2009	0.26843865409509898
2010	23.695810128467194
2011	4.7458221534429708
2012	40.519889482690104
2013	0.23766530815301495
2014	7.7533900505340441
2015	47.954329120718079
