xmlns:cpt=http://iri.columbia.edu/CPT/v10/
cpt:nfields=1
cpt:field=eigenvalues, cpt:nrow=9, cpt:ncol=3, cpt:row=mode, cpt:col=index 
Mode	Eigenvalue	% variance	Cum. % variance
1	7.1081217076708114	78.979130085231262	78.979130085231262
2	0.95244948484040071	10.582772053782232	89.561902139013483
3	0.43821812469279747	4.8690902743644173	94.430992413377908
4	0.28138604225611441	3.1265115806234940	97.557503994001394
5	0.10240887394408048	1.1378763771564500	98.695380371157853
6	6.3748454085458844E-002	0.70831615650509849	99.403696527662945
7	2.8546481476400886E-002	0.31718312751556549	99.720879655178507
8	1.9390862241979293E-002	0.21545402491088106	99.936333680089376
9	5.7299687919553791E-003	6.3666319910615332E-002	100.00000000000000
