xmlns:cpt=http://iri.columbia.edu/CPT/v10/
cpt:nfields=1
cpt:field=X_scores, cpt:nrow=28, cpt:ncol=4, cpt:row=T, cpt:col=index 
	1	2	3	4
1983	-3.5934560433236582	0.58824144982263382	-1.4693562289805842	-0.49273325669272605
1984	0.38704686246281128	0.70642918921643949	-0.72181320933701820	0.13724013864887172
1985	3.3995930711067972	-1.0343141459817364	1.4614185396125290	0.24073090398576719
1986	-0.74636647092148678	0.20495276189926068	-0.49606184138834847	6.5748032428404490E-002
1987	-3.1232638121957406	-0.93088724958269253	0.63654471022036063	0.39182549055083599
1988	1.0645283851988994	-0.59888128562840448	0.16066525867823961	-1.0618120841980796
1989	2.6452458475265082	1.1318074326190626	0.11251295105585077	0.87173140850729691
1990	-0.14070701927197851	8.3533338696920589E-003	0.77775503384407807	-0.16456220255493592
1991	-2.1808093036591454	6.5452467821630386E-003	-0.36856974304506102	0.38157129882871682
1992	-3.1903377331253062	0.22082397175275095	0.92011476962636962	0.10170749827587441
1993	-1.7515371098544623	-0.79583075613461396	0.55138797259052230	-3.2688133358013127E-002
1994	-0.48306420227756913	-1.2963237971121053	0.25087598497610725	1.4470366035190895E-002
1995	-2.5674517348170851	-0.86726189558389977	-0.10353414209382047	0.14736237015385703
1996	1.9030399205020636	-1.6037193076531686	-2.4358427650950931	1.0592978043794192
1997	-1.0157892372594470	0.61677424596246222	0.46840436167339378	7.0248980599239869E-002
1998	-1.7654362511487152	-2.8890635441196390E-002	-7.7527952706416339E-002	-0.44770245322470531
1999	5.0634731021599597	0.13614581442949250	1.1502024882300339	-0.68363128765062908
2000	2.6297925564468212	2.4387938548757471	0.76538619623682991	1.0452110620755786
2001	0.56178499625486733	1.2484246758782007	0.18567429463818363	-0.93802104937249120
2002	2.8922789598136309	-2.6904195186755233	0.70714570309175684	0.47860945275265515
2003	-3.7949815318834732	0.99652168796506491	0.54965757029628703	1.4891821870564705
2004	0.41881594136933675	-0.63419017534859945	0.80514293921392854	-0.62119734323543974
2005	-1.5627671246237591	-1.3914248357834667	0.89310662517453288	-0.42171141053149969
2006	0.14638264384197738	-0.14314744277376804	-1.4226884219581195	-0.81509610985886682
2007	-2.5037645597008149	0.85935469465911418	-0.65874753093422012	-0.47543214185215427
2008	2.3616944054940174	1.3558784318673265	0.38626977079208347	0.36571420712396985
2009	3.5389519507439799	-0.44018216809204491	-2.6819055233176305	0.16351261335604445
2010	1.4071034911406231	1.9364264221914258	-0.34621781109479915	-0.86957634222863234
