xmlns:cpt=http://iri.columbia.edu/CPT/v10/
cpt:nfields=1
cpt:field=undefined, cpt:nrow=58, cpt:ncol=1, cpt:row=T, cpt:col=station, cpt:units=none, cpt:missing=-999.00000000000000               
	08.0
cpt:Y	28.308889059999998
cpt:X	-98.557238400000003
1958	1.7272978541368684
1959	3.0678176597404683
1960	6.2837016897785354
1961	2.4157193356535824
1962	-0.17197081813211978
1963	0.56576716098573088
1964	0.96659383180914071
1965	2.7425674280157608
1966	0.45768424025584076
1967	-2.9526596321554917
1968	2.0001768429992044
1969	0.95660822164016279
1970	0.79793676558426652
1971	2.1881592533272665
1972	-0.39195833537706282
1973	2.4533200062213831
1974	1.1162357557819376
1975	4.0831477394616940
1976	3.1779426140424323
1977	0.45576085991934245
1978	1.1992882636069275
1979	3.0225843980095641
1980	0.58004039525480833
1981	4.2171767643013531
1982	-0.57166504591089939
1983	-1.3331921818831334
1984	-0.45093912087599186
1985	4.3681241889498761
1986	1.7968614425742055
1987	2.8444547985562498
1988	2.8051212582073033
1989	-1.1864961172746624
1990	2.3479762781376881
1991	0.41406195000179813
1992	-0.58687352545296156
1993	0.63139819290322030
1994	0.38105102823782311
1995	4.1929742663543816
1996	1.6783635746844223
1997	3.5179816283953884
1998	-3.3884999043133601
1999	3.0324015662200701
2000	-3.9841811959027065
2001	0.84476791770802262
2002	4.3926211483280451
2003	3.9574398697441904
2004	4.1128901915999680
2005	2.2889796399163682
2006	-0.86220720706294429
2007	2.8775626682282986
2008	1.3018674028306993
2009	-4.5297767143346235
2010	5.3286109503926742
2011	-0.42338421984844699
2012	-4.5273159561741334
2013	2.1003698374967605
2014	0.66535963457361313
2015	1.6811395601208730
