xmlns:cpt=http://iri.columbia.edu/CPT/v10/
cpt:nfields=1
cpt:field=X_loadings, cpt:nrow=9, cpt:ncol=4, cpt:row=station, cpt:col=mode 
Station	Latitude	Longitude	1	2	3	4
prec_1	29.301359999999999	-101.25000000000000	-0.35410853375787366	2.1912049462878410E-003	0.25427890832067646	0.30107604289737949
prec_2	29.301359999999999	-98.437500000000000	-0.34671537548712361	3.2592131348370801E-002	0.58227835407770778	-0.13396336889628674
prec_3	26.510770000000001	-101.25000000000000	-0.33851821142175609	-4.5987360634915646E-002	-6.4608544689234312E-002	0.82222780837658216
prec_4	26.510770000000001	-98.437500000000000	-0.35471040618713323	2.4775932227051489E-002	0.34641414067579812	-0.21687301909027706
st_1	29.301359999999999	-101.25000000000000	0.36263235529115334	8.5612862963587194E-002	0.19797201494690267	0.18603355277775824
st_2	29.301359999999999	-98.437500000000000	0.36074317667704153	5.2725663054744527E-002	1.0373143569848087E-002	0.28649455151671460
st_3	26.510770000000001	-101.25000000000000	0.34268508260240410	0.12935029850237190	0.56170738904174933	3.4998396063841503E-002
st_4	26.510770000000001	-98.437500000000000	0.35690971870911764	-1.0330490719485615E-002	0.32086374210894331	0.22407567840467874
04.0	28.308889059999998	-98.557238400000003	-8.6752897523689643E-002	0.98450824822782834	-0.11978264287816155	1.3861771989419298E-002
