xmlns:cpt=http://iri.columbia.edu/CPT/v10/
cpt:nfields=1
cpt:field=eigenvalues, cpt:nrow=9, cpt:ncol=3, cpt:row=mode, cpt:col=index 
Mode	Eigenvalue	% variance	Cum. % variance
1	6.7238144844212844	74.709049826903055	74.709049826903055
2	1.1397666242245061	12.664073602494495	87.373123429397552
3	0.84576040845318090	9.3973378717019962	96.770461301099544
4	9.8195251385169408E-002	1.0910583487241030	97.861519649823649
5	7.0746055394859286E-002	0.78606728216510213	98.647586931988769
6	6.0444261161729157E-002	0.67160290179698967	99.319189833785757
7	3.3962465069447459E-002	0.37736072299386014	99.696550556779613
8	2.3840575603324206E-002	0.26489528448137972	99.961445841260982
9	3.4698742865101905E-003	3.8554158739002066E-002	100.00000000000000
