xmlns:cpt=http://iri.columbia.edu/CPT/v10/
cpt:nfields=2
cpt:field=undefined, cpt:climit=lower (95.%), cpt:nrow=58, cpt:ncol=1, cpt:row=T, cpt:col=station, cpt:units=none, cpt:missing=-999.00000000000000               
	06.0
cpt:Y	28.308889059999998
cpt:X	-98.557238400000003
1958	-3.4822589356771010
1959	-4.0483529230230566
1960	-3.8185678463102333
1961	-6.1776465737190716
1962	-8.9504151422993914
1963	-3.7411411555841290
1964	-3.9448712815139584
1965	-0.77811405246537380
1966	-0.46138938506236471
1967	-4.2616945141926115
1968	-1.6840459336460345
1969	-3.1419885457476289
1970	-3.0749459695183408
1971	-10.061984226600499
1972	-1.6279755311162170
1973	-4.6114195164305558
1974	-2.6517792440680026
1975	-3.3965050366653458
1976	-2.9335644470427855
1977	-1.2884827353669372
1978	-3.1716407732585994
1979	-3.5823583640803860
1980	-2.2047321622949427
1981	-1.9661958984590848
1982	-3.2071227287770130
1983	-6.2263701533386682
1984	-4.4553593382390382
1985	-1.0918578923873019
1986	-3.7303655078568863
1987	-1.2086251005492850
1988	-3.8578512100360673
1989	-4.3292983113292145
1990	-1.7721281713471884
1991	-3.3897401394419324
1992	-1.4240815762770334
1993	-1.8370362201756025
1994	-2.9033740522518006
1995	-4.5599878922038473
1996	-8.1544268301232972
1997	-3.0599625166315123
1998	-10.027515489895427
1999	-3.1845613185676873
2000	-5.2107447868405750
2001	-2.6537725762978468
2002	-3.9282599638641704
2003	-4.7664140677266769
2004	-2.4284015812675905
2005	-3.8909408914031229
2006	-4.8511865938691106
2007	-3.0770314791226250
2008	-5.8632169796498506
2009	-3.9667738903396490
2010	-3.5378422161286229
2011	-9.5259932785919457
2012	-3.1165081508126864
2013	-4.9874003223835697
2014	-3.5682112360756069
2015	-0.65796840036539095
cpt:field=undefined, cpt:climit=upper (95.%), cpt:nrow=58, cpt:ncol=1, cpt:row=T, cpt:col=station, cpt:units=none, cpt:missing=-999.00000000000000               
	06.0
cpt:Y	28.308889059999998
cpt:X	-98.557238400000003
1958	11.799069849259034
1959	10.817132848078186
1960	11.589369508463346
1961	9.1299325772349764
1962	6.5428436015410067
1963	11.419704265864128
1964	11.131838223907764
1965	14.305539213258111
1966	14.871768862482414
1967	10.620093376596373
1968	13.356824209367387
1969	11.656329715355970
1970	11.957315363034208
1971	5.7666504438751911
1972	13.392881324130745
1973	10.396266547792337
1974	12.186934125948170
1975	11.564949039415726
1976	11.962224173362101
1977	13.680974650845314
1978	11.652292505046709
1979	11.316171657889434
1980	12.671937509247993
1981	13.162292263025119
1982	12.162849344782607
1983	9.6722302073900721
1984	10.355744424076773
1985	14.293251971394227
1986	11.575326910094795
1987	14.354762145535048
1988	10.966386552527180
1989	10.533351254959449
1990	13.137323946580704
1991	11.483698189673145
1992	14.162744697109847
1993	13.348337954531448
1994	12.367358005042041
1995	10.550289438178499
1996	7.5759192041498284
1997	11.762692643558438
1998	6.2552795724289378
1999	11.956197546680578
2000	10.312349121783415
2001	12.199221236335104
2002	11.028467204113493
2003	10.291102506965721
2004	12.499699820750727
2005	11.266585831471108
2006	10.025792792460805
2007	11.742628360991450
2008	9.2828318622110011
2009	11.395489455966304
2010	11.333005119463053
2011	6.4946057658266252
2012	11.880075738741244
2013	9.8487989105223797
2014	11.331556485727566
2015	14.763604981260599
