xmlns:cpt=http://iri.columbia.edu/CPT/v10/
cpt:nfields=1
cpt:field=X_loadings, cpt:nrow=9, cpt:ncol=4, cpt:row=station, cpt:col=mode 
Station	Latitude	Longitude	1	2	3	4
prec_1	29.301359999999999	-101.25000000000000	-0.35080673713449584	-0.13719739952101626	0.36505037219966197	-0.48005463274657645
prec_2	29.301359999999999	-98.437500000000000	-0.35656034236453427	-3.6880562227280297E-002	0.36617306457007781	-5.5351288218418060E-002
prec_3	26.510770000000001	-101.25000000000000	-0.35446394480557575	-0.17513747635111093	0.29591845977550574	-7.1506626437126755E-002
prec_4	26.510770000000001	-98.437500000000000	-0.35149663562837269	-0.16371901210761525	0.25974868717359606	0.73311194845077721
st_1	29.301359999999999	-101.25000000000000	0.36248003945020557	-0.13984869836793523	0.18478609167925203	0.10693751775111593
st_2	29.301359999999999	-98.437500000000000	0.35194240244590458	-0.15475168629666639	0.31423521312787644	0.37402327630326665
st_3	26.510770000000001	-101.25000000000000	0.35245236552490961	-0.17345055479770710	0.29384117760858419	-0.21267469738161704
st_4	26.510770000000001	-98.437500000000000	0.34428779023166178	-0.17619673306573699	0.44527919229715940	-0.15667621477405508
09.0	28.308889059999998	-98.557238400000003	5.0919508077125974E-002	0.90426960614454055	0.40014063979694414	5.3013684872005640E-002
