xmlns:cpt=http://iri.columbia.edu/CPT/v10/
cpt:nfields=1
cpt:field=X_loadings, cpt:nrow=9, cpt:ncol=4, cpt:row=station, cpt:col=mode 
Station	Latitude	Longitude	1	2	3	4
prec_1	29.301359999999999	-101.25000000000000	-0.28484991360026990	0.17965165023622798	-0.49920824593718621	0.53962588923710708
prec_2	29.301359999999999	-98.437500000000000	-0.30162624850571229	0.42076025618026297	-0.11012779129822947	-0.46631644049247933
prec_3	26.510770000000001	-101.25000000000000	-0.34302796533423074	0.42899509584451162	4.2309695478749909E-002	0.25627264136327155
prec_4	26.510770000000001	-98.437500000000000	-0.32322357110961197	0.41231270242365692	0.18857431720472317	-0.36241349461029371
st_1	29.301359999999999	-101.25000000000000	0.42247620815150144	0.22681352001194910	3.1502842700551342E-002	-0.14272551532543162
st_2	29.301359999999999	-98.437500000000000	0.37246410048338430	0.35872698584517515	-0.11333155700188952	0.23257013595001741
st_3	26.510770000000001	-101.25000000000000	0.40485748015108203	0.19931256573976402	8.3367564628223645E-003	-0.19729795369051609
st_4	26.510770000000001	-98.437500000000000	0.35298131723578074	0.41780497169043829	-0.22082404841022141	0.10073395842526289
07.0	28.308889059999998	-98.557238400000003	4.4078177522995643E-003	0.20550332864259810	0.79915166305030727	0.41328006900082243
