xmlns:cpt=http://iri.columbia.edu/CPT/v10/
cpt:nfields=1
cpt:field=eigenvalues, cpt:nrow=9, cpt:ncol=3, cpt:row=mode, cpt:col=index 
Mode	Eigenvalue	% variance	Cum. % variance
1	5.1172094419921965	56.857882688802150	56.857882688802150
2	1.6632905054936991	18.481005616596644	75.338888305398797
3	1.0229423752690576	11.366026391878410	86.704914697277218
4	0.62324640074746152	6.9249600083051233	93.629874705582338
5	0.31048102458884724	3.4497891620983006	97.079663867680651
6	0.13266979531445766	1.4741088368273065	98.553772704507963
7	7.8693596478494235E-002	0.87437329420549093	99.428145998713447
8	3.7591755281728784E-002	0.41768616979698625	99.845832168510455
9	1.3875104834060717E-002	0.15416783148956342	100.00000000000000
