xmlns:cpt=http://iri.columbia.edu/CPT/v10/
cpt:nfields=1
cpt:field=X_scores, cpt:nrow=58, cpt:ncol=4, cpt:row=T, cpt:col=index 
	1	2	3	4
1958	-2.5268222693625790	3.8658930456217875	6.8065849723787264E-002	-0.76256182507610215
1959	2.0774878133924792	0.77351577330852272	0.36781289831796976	-0.17796078194999043
1960	-0.46919180364983432	1.3866240524317541	-0.44137175585991101	3.4062024096116881
1961	-0.61238142286003583	1.2515712375784021	0.22063363356260568	0.15039657466753589
1962	-2.2017905796501709	1.4626075543617181	-0.81326339405189141	-0.17219877689145660
1963	-0.86587138135631492	0.46761537301920875	1.2638243970948803E-002	-0.47828222023469635
1964	2.3233255833544249	9.0836870652714313E-002	-0.70548849035300998	-0.29189878790061624
1965	1.0856568777285762	-1.2472362561444661	0.81798321356539849	0.36940925262459873
1966	-2.3979420426074847	-2.0985450164835306	0.64988428566282186	0.44631534216682484
1967	0.58860561796826438	-1.7144712868240291	-1.9369047284807743	-0.36496944737584158
1968	1.8607240851976963	-1.3580115706136233	7.7976420597644092E-002	0.42484164381146727
1969	-1.2756736029858757	2.2997470400562880	-0.75057759563707227	-0.12962607512760141
1970	1.4250974430254340	-0.22913710479437388	-0.12969297716806319	-0.57330713003555178
1971	-0.85153525606258551	-0.69928318303711945	1.4593190432261467	-0.31680367022461586
1972	-1.6990162625127752	-0.83459080839295041	0.23114722517682137	-0.50896454878751918
1973	-1.6401742859457729	0.61077796855162791	0.28391655943860372	0.72807459544058206
1974	0.66926344385738834	-1.5650710006499842	-0.20455221016284694	0.57375668247246014
1975	1.8424788521876567	1.0769197998483333	0.28588767024823980	0.54518750152170781
1976	-0.71689516866962844	-1.6956136515357019	1.4364730635428913	0.80602571593037609
1977	-4.1787568104661696	0.38473518618090774	0.55948053375567597	-3.7235268256516373E-002
1978	3.5484734275207592	-0.24548332674626094	-0.58041706623980860	-0.49161110234416117
1979	1.4850051246917462	-0.28937807599199111	0.23456255187103728	0.60106993640428241
1980	0.27888219941632342	0.91398281008269777	-0.80294892996148037	-0.19200351049776795
1981	-0.57054282239970533	0.56856263117299577	0.81027501434474369	1.0897677771142869
1982	-1.8784287829867545	0.25976862128958855	-4.3841085414944296E-002	-0.79411570217258398
1983	-2.3073752912023404	0.78347630298774307	-0.32171317144410611	-1.1397069706480691
1984	-1.0915105186460059	-1.9936834645094341	-2.0971141505305742	2.1904630751953054
1985	1.9859164178312394	-0.39438564884134769	0.88306376465461300	0.75479858236053177
1986	2.6778217010264345	-0.52291056111169087	-0.32430097727339713	5.9412078671304547E-002
1987	0.99944137223972584	0.55726451815721112	0.54685219948012487	-7.8910179156077218E-002
1988	-2.6006135853768453	-6.6738929635779556E-002	0.40196097754725085	1.4625613973865919
1989	0.36964143147417272	-1.2674351627250329	-2.1554735995649232	0.94854701635724004
1990	-0.16263864250996790	-0.36404700056604034	1.1115217835621749	-0.21772416988797305
1991	2.6612381328510257	0.40997974743717880	-0.61734084344090745	-1.0180827881147640
1992	-2.7926223100077747	-1.4553523962534820	1.3777190862474780	-1.1980706150050962
1993	-1.7453541800865313	-2.3952588505036077	1.4167957795158104	-0.29402772005691202
1994	4.1549957136793489	-1.0613189591053460	-0.64735788493633384	-0.80719545584127228
1995	1.8073686157022721	0.90384844794859820	4.8284892507065101E-002	0.95658200226582513
1996	2.2847060100037591	-0.74524807492513445	0.27806492587565718	-0.41839728598373938
1997	0.38402405159611208	0.10138924510647147	1.1307929254904519	0.18790964687646702
1998	-1.9643923097056593	-0.61173075105814245	-2.1144754076198806	-0.18437801378393706
1999	-0.43237824455116569	-7.5228754701142750E-002	0.71495664412674897	0.61827025647731115
2000	-2.2186698809754875E-002	-1.0344683312119283	-1.9309529345824137	-1.2045957406385190
2001	-1.3044233417885855	0.98307457366799178	-0.11574672471584627	-0.25031483531561977
2002	-0.17865357400602450	0.43463851878155851	1.1980607878038614	0.74924651384731500
2003	3.4705365396293533	-0.42791660697669026	0.55030902588597064	0.36123271274553820
2004	2.0791764195937370	0.21080080212372501	0.92416806522771677	0.22927802655632676
2005	1.4536413728061479	0.45744095658608747	0.22848539450214173	-0.23279035958525032
2006	-1.1017992042964513	0.22362471176011794	0.66910370206329284	-1.9587559633369254
2007	-2.3582263850761764	2.4329333702030151	0.74882160596303970	-6.5102323159343445E-002
2008	3.4451172555856107	1.0652674518958958	-1.3010919214806809	-0.24449049874601897
2009	-3.2317038034954568	0.49067432541840955	-2.3171283619995822	-0.87142828457587673
2010	2.9301711989658119	2.3166978351253329	-0.39323639217172890	1.1986840792102000
2011	0.89187221738064659	0.16941918848491277	0.16688897641825920	-1.7398218510304282
2012	-6.0482403256418475	-1.7618965883961077	-1.3420901203413336	4.2404489448915582E-002
2013	-1.9682149577040851	0.85673088400197805	0.59737382699120445	0.15101719488421442
2014	-1.4542266482592088	-1.4826412955364028	1.1262578714689078	-0.48012773387874880
2015	3.8689135939593449	-0.17333618658226169	0.45154228109904199	-1.3559948684318313
