xmlns:cpt=http://iri.columbia.edu/CPT/v10/
cpt:nfields=1
cpt:field=Predictor_scores, cpt:nrow=58, cpt:ncol=4, cpt:row=T, cpt:col=index 
	1	2	3	4
1958	2.1523098950503137	0.39748315110714882	0.10790387313919603	-0.97765566852390395
1959	-3.2588711280673244	-0.74601206656960062	0.22091427517560083	-2.4488425291353394E-002
1960	0.87774759547439496	-1.2293885548773154	0.52491719731263964	8.7453752627170159E-002
1961	-0.91620462494628452	-0.87369944082795903	0.46401142039843901	1.0641296820938548
1962	1.4495927450911643	2.6836566077356379	-0.92016641351118933	2.1247169902677970E-002
1963	0.31440101749494576	1.4714918559776011	-1.4539617955670066	-0.34736988776045230
1964	-2.5752937123275643	0.35893931454587441	0.60957867340275651	-1.8685512310369341
1965	1.0100733354571965	-2.2368920123523850	-1.3199405014749794	0.13221641790481223
1966	1.5049776101459096	-0.18033388784409521	0.73254612454525092	0.25608198938922699
1967	-2.7659151507133690	-1.1253712185001983	0.25822346453581935	-0.56845505355991865
1968	-1.7055179589141340	0.67003349846629878	-0.34695433591827834	-0.15427006816144226
1969	4.4077062360038681	-1.4440432707624149	6.0031020706018061E-002	0.48202290201572739
1970	-2.3461262424109695	0.31344616626051136	0.75778083379019434	0.63608627008131058
1971	-1.4113382719077476	-1.4419148827729704	0.76234872010599841	1.5272822183107770E-002
1972	-1.4227710477294200	-1.7506561088469152	-0.12516976204405494	-1.0524563670825928
1973	-1.2072749981857935	-1.5606634236542090	-0.34585452902822700	-0.66085456604601578
1974	-0.78202177156171404	-1.5382591579123956	0.47000975309731730	0.68013301775926904
1975	-0.51086767054360183	-0.84519144079528918	0.44599158115475096	-0.82351663004191322
1976	-3.0119958573460623	-1.5139136220091545	3.9579234658455809E-002	-0.20459981548381473
1977	-1.9569005103989818	0.34966209780265051	0.43698610581450525	1.1286673287402031
1978	1.9480453536699525	-2.1383551032365187	-0.38935739181389534	-1.1073974699840472
1979	-0.59144500103564190	0.24157621059119647	-0.11699032442653973	-0.14735041306624430
1980	0.83264877822220296	-0.76845662831505601	0.94107321533655375	0.34655365190954479
1981	0.99262186043978395	-1.1530708736058275	0.16105210618617116	-0.38740607902643431
1982	1.4929841629185514	-0.97696811793459748	-0.84679511268437335	0.33884595700931724
1983	0.32240210574243477	8.1316063272239669E-002	-0.27423959587084418	0.15827350176024088
1984	-4.0181742793208812	0.64335682782464088	-2.0605159246813285	-0.39877616582704856
1985	-0.12731625384051765	-0.75737728839788410	-0.72517952078204229	-1.1682148546320998
1986	0.56667269941202691	-1.1347142175461811	-1.7680734479809368	0.55949684336079986
1987	1.7079032910207956	-1.2020293811026588	0.62001681769470185	1.6105384949811565
1988	2.0669678703950125	-1.1249507241750905	-0.42074055712395642	-0.81086602697214549
1989	-1.6636567557230026	-0.31488457607722747	-1.3213006894460477E-002	1.1227977422803868
1990	-0.86032472843558694	-0.99241422914398525	0.47790055306735546	-0.39249761973274855
1991	0.27450965676570138	-1.1469281697744713	0.20340428120038401	0.70362114259682274
1992	-4.3087295416436522	0.13986058710648364	0.76560866814188699	1.4844069696621094
1993	1.0528624266966149	0.48858381784148602	-1.6694030778790578	0.88778233913981408
1994	-5.2814304158460423	1.3807573914961725E-002	-0.36989467537663456	8.6500330615258927E-002
1995	2.8369741244503541	0.36267575073842712	-0.80870284032301565	-6.1288449331804926E-002
1996	2.1923336326857656	-1.2073067845340559	-0.18754640327605387	0.10438407883773414
1997	-2.3426769768386424	1.6951644958197001	1.7374708009753539	1.8712594259790019
1998	1.5493507647750950	2.5351129272895139	2.1932526844330646	-0.30158181245262350
1999	2.1538807376303044	0.70175519357377469	1.3368213685004879	-0.28563792659325715
2000	1.5075222454346704	0.83472484090041521	-1.5879212799640077	0.14836921284510732
2001	-3.0941898853682197	1.5285077313960114	0.75932751725233438	0.16982052823508315
2002	0.59872110945651213	-5.9679586862850242E-003	0.73975193517685556	-1.0622106512038940
2003	0.94607198359516109	0.11513839407356397	0.30889273813456969	-0.40944080324547216
2004	0.33680808923500444	-0.28187798666911562	0.63988200584466537	-1.2839893295721807
2005	3.2947653963473011	0.70028663512795875	0.93927793855996555	1.0830510728932964E-002
2006	-0.30007437058478303	1.8441399472928017	-1.5375876789837231	-0.80134247742163467
2007	0.26061073496724602	0.19559404628354116	1.3689424236682783	-0.95915380147478946
2008	0.74119344189486780	6.8319066512381177E-003	0.39924830394476579	-1.0019229925097878E-002
2009	-1.0317917591842409	2.3018378103321351	-1.3309814738239736	-0.54165473542007692
2010	7.0981157044561396	1.0274053469506093	1.3951519524130900	-3.2385354753583798E-002
2011	4.5883045245258005	1.7545665649604514	-0.96242983738525345	1.2261821768172665
2012	1.2816046319357024	1.0477781088707703	-1.3339567768714731	0.45679340615016811
2013	-2.4702384773524306	2.5219180048535925	0.34894751633315935	-1.9716626151235985
2014	-1.0700217708843045	2.6990871397118381	0.32612797335235055	0.44376106531541792
2015	-1.3295146002788216	-3.4097490348486692E-002	-0.63739681436698081	2.5815647978273550
