xmlns:cpt=http://iri.columbia.edu/CPT/v10/
cpt:nfields=3
cpt:field=undefined_prob_B, cpt:nrow=58, cpt:ncol=1, cpt:row=T, cpt:col=station, cpt:units=%, cpt:missing=-999.00000000000000               
	06.0
cpt:Y	28.308889059999998
cpt:X	-98.557238400000003
1958	43.696840367314707
1959	51.782660172237357
1960	46.547294835522180
1961	70.547676698069722
1962	88.808504923587236
1963	46.973863418964172
1964	49.549937067509894
1965	19.841395239811561
1966	17.175564645659676
1967	53.969982614781316
1968	27.244078795962778
1969	42.447340547121868
1970	40.659026033735259
1971	92.268052887922252
1972	26.814673458396385
1973	56.949392722725257
1974	37.179752882385927
1975	44.343401553267491
1976	39.817629533555653
1977	24.081021474959044
1978	42.637904675886659
1979	46.626446888493653
1980	32.598543228093263
1981	29.482004165885442
1982	40.491240006139137
1983	67.668148907277470
1984	56.428737008056324
1985	21.508482622143461
1986	46.140227341100704
1987	21.979377559644078
1988	49.963503245115646
1989	54.796677214455883
1990	28.440819255017203
1991	44.704963896548712
1992	23.577243499346338
1993	28.143396846752083
1994	37.882682451352004
1995	55.834466482021824
1996	83.399675171608507
1997	41.468961373404525
1998	90.689268931952583
1999	41.291680608049163
2000	60.143052578903557
2001	37.139418038845243
2002	50.008159302854253
2003	58.276317469626385
2004	34.580126110717103
2005	48.561596078614741
2006	60.196059376388973
2007	41.662144657711806
2008	68.602584913860753
2009	48.305933307063583
2010	46.293074404238929
2011	89.489811345214704
2012	41.251126902302360
2013	61.837567661370905
2014	46.469538335438010
2015	18.329055459722838
cpt:field=undefined_prob_N, cpt:nrow=58, cpt:ncol=1, cpt:row=T, cpt:col=station, cpt:units=%, cpt:missing=-999.00000000000000               
	06.0
cpt:Y	28.308889059999998
cpt:X	-98.557238400000003
1958	20.611278109523909
1959	20.259361724261364
1960	20.247669621599307
1961	14.997287842288975
1962	6.9133623300541531
1963	20.514217859570685
1964	20.325126834152059
1965	17.702613443690531
1966	16.292916988503933
1967	19.862795906961487
1968	19.867651228282604
1969	21.313461476158750
1970	21.048680626369283
1971	4.9336404948903523
1972	19.806478239534009
1973	19.123663767016186
1974	21.292397286385956
1975	20.988103396671576
1976	21.245467577554059
1977	19.219371075115433
1978	21.269771756673904
1979	20.882829547348585
1980	20.925815821285745
1981	20.152465659054464
1982	20.602428725938680
1983	15.478291080799494
1984	19.454682247219946
1985	17.887050772188985
1986	20.409387225938417
1987	17.807524734020994
1988	20.582652207139432
1989	19.728439085611253
1990	20.285503301456245
1991	21.079484518858521
1992	18.248678737857581
1993	19.840715723006639
1994	20.715888683533883
1995	19.242397647955332
1996	9.5223671160755092
1997	21.316347564044676
1998	5.7059048378465960
1999	20.890037655190490
2000	17.863560252504570
2001	21.270812174971766
2002	20.411489862466283
2003	18.775336926737815
2004	21.029050846711712
2005	20.347938516836404
2006	18.504079423003855
2007	21.314361326355787
2008	15.787870459387943
2009	20.127586528626765
2010	20.950675130903569
2011	6.4064827029721023
2012	21.084559599791838
2013	18.116215244903042
2014	20.896314492656899
2015	16.674505685093607
cpt:field=undefined_prob_A, cpt:nrow=58, cpt:ncol=1, cpt:row=T, cpt:col=station, cpt:units=%, cpt:missing=-999.00000000000000               
	06.0
cpt:Y	28.308889059999998
cpt:X	-98.557238400000003
1958	35.691881523161385
1959	27.957978103501279
1960	33.205035542878512
1961	14.455035459641310
1962	4.2781327463586161
1963	32.511918721465143
1964	30.124936098338047
1965	62.455991316497908
1966	66.531518365836391
1967	26.167221478257197
1968	52.888269975754618
1969	36.239197976719382
1970	38.292293339895458
1971	2.7983066171873920
1972	53.378848302069606
1973	23.926943510258557
1974	41.527849831228117
1975	34.668495050060933
1976	38.936902888890287
1977	56.699607449925523
1978	36.092323567439436
1979	32.490723564157761
1980	46.475640950620992
1981	50.365530175060094
1982	38.906331267922184
1983	16.853560011923044
1984	24.116580744723731
1985	60.604466605667554
1986	33.450385432960879
1987	60.213097706334928
1988	29.453844547744922
1989	25.474883699932864
1990	51.273677443526552
1991	34.215551584592767
1992	58.174077762796081
1993	52.015887430241278
1994	41.401428865114113
1995	24.923135870022843
1996	7.0779577123159836
1997	37.214691062550799
1998	3.6048262302008269
1999	37.818281736760348
2000	21.993387168591873
2001	41.589769786182991
2002	29.580350834679464
2003	22.948345603635801
2004	44.390823042571185
2005	31.090465404548855
2006	21.299861200607172
2007	37.023494015932407
2008	15.609544626751305
2009	31.566480164309652
2010	32.756250464857501
2011	4.1037059518131880
2012	37.664313497905802
2013	20.046217093726053
2014	32.634147171905092
2015	64.996438855183555
