xmlns:cpt=http://iri.columbia.edu/CPT/v10/
cpt:nfields=1
cpt:field=Predictor_scores, cpt:nrow=28, cpt:ncol=4, cpt:row=T, cpt:col=index 
	1	2	3	4
1983	-1.1049141914964919	0.65314844756312851	-1.5202615286925947	2.0426599481606425E-002
1984	-0.72484805280776732	-2.3221107627718918	-1.1360463617190413	5.7817278415111487E-002
1985	-0.33765276068814543	0.45696436545848157	-0.70151073235776940	0.20998080910826172
1986	-1.5500252913206363	8.7790728725602285E-002	0.15987680003464136	-0.15629267186603152
1987	-2.8797327199238238	0.24752586068358312	2.0539616613739278	0.11193516326031329
1988	3.5062374384528350	0.20482947163067866	-0.37138006862734185	-4.2723128044731724E-003
1989	0.53442039785465445	-0.23775842744146497	-1.2106730282660965	-0.10446368933144051
1990	-0.86432117240546624	0.33125423377422358	0.38871615248457170	0.11759544539186222
1991	-3.1314474421081671	9.4063329875594015E-002	1.8079967202325440	-0.83515392120017562
1992	-3.3921153387139693	0.71013722632253229	-1.2554814652753759	-0.32778634418978486
1993	-3.0168595479847236	-0.53629130246113876	0.34697786398414926	-0.78795376756664237
1994	-1.2174733320521927	-0.39051161176836313	-0.30368972182618476	9.6560729178256491E-002
1995	4.0914017636187756	0.22242298614143993	0.51003269406062257	-0.43383997655578538
1996	0.85579202325371451	0.71711080368875946	-0.29963275933132394	-0.33308126418216188
1997	-7.8395341366476172	6.3428997028695200E-002	0.48988404496104082	0.73827355537484851
1998	1.1796586572957513	0.96319171356632860	0.20902074474934393	7.3231028379421234E-002
1999	1.5512975523755206	0.72630535538157381	0.22871809816433253	9.1540215377945277E-003
2000	2.6708477889986986	-0.46874977591475314	0.16997390462870654	-0.16841261672503988
2001	1.2463760201159475	0.84489182584270073	-0.35830505470594265	-2.2049287639223210E-002
2002	-0.34723233079261601	1.2295259760542656	7.6136515072851602E-002	7.9021126131525399E-002
2003	2.6318695634517018	0.14896658902739962	0.89288729055593541	-5.2504876343609673E-003
2004	-0.86205438591973993	0.65717928441664508	-0.17282137572491788	0.76256230343893028
2005	1.3578959997069890	-2.6752811269207628	-2.2682530689703717E-002	6.2815891996578471E-002
2006	7.0921108467393648E-002	0.79580498734160199	-1.6443530650461364	-1.8992343432332557E-002
2007	2.1676268299409078	0.57662738744484110	0.42555621356648426	0.34035737816195855
2008	2.3356664411501171	0.18559398523209164	8.6487142666542352E-002	-0.23293458192055991
2009	-1.0279060822043009	-2.5782116373431161	-0.20032585797455954	5.5649375598176079E-003
2010	4.0961052003830245	-0.70784891057877508	1.3509377037020793	0.74518699763141172
