xmlns:cpt=http://iri.columbia.edu/CPT/v10/
cpt:nfields=1
cpt:field=eigenvalues, cpt:nrow=9, cpt:ncol=3, cpt:row=mode, cpt:col=index 
Mode	Eigenvalue	% variance	Cum. % variance
1	6.0891753564081679	67.657503960090708	67.657503960090708
2	1.2937442719865497	14.374936355406097	82.032440315496800
3	1.0056738323442598	11.174153692713988	93.206594008210786
4	0.36142812754694148	4.0158680838549019	97.222462092065697
5	0.14162074982189890	1.5735638869099866	98.796025978975692
6	8.2862933653976900E-002	0.92069926282196479	99.716725241797647
7	1.4106495964982965E-002	0.15673884405536617	99.873464085853016
8	9.3898067895189612E-003	0.10433118655021059	99.977795272403242
9	1.9984254837093251E-003	2.2204727596770262E-002	100.00000000000000
