xmlns:cpt=http://iri.columbia.edu/CPT/v10/
cpt:nfields=1
cpt:field=X_loadings, cpt:nrow=9, cpt:ncol=4, cpt:row=station, cpt:col=mode 
Station	Latitude	Longitude	1	2	3	4
prec_1	29.301359999999999	-101.25000000000000	-0.35687346320469138	6.5954774157834198E-002	-0.29628460943078333	0.64677565180644903
prec_2	29.301359999999999	-98.437500000000000	-0.35186274799059214	0.19600226658889355	-0.29797025306165548	4.9269947454973040E-002
prec_3	26.510770000000001	-101.25000000000000	-0.35982080191298466	6.4096097110411865E-002	-0.29327153495274783	-1.0356076121840002E-002
prec_4	26.510770000000001	-98.437500000000000	-0.33295405483003448	0.26787397259871043	-0.37946535222681810	-0.64279966444035130
st_1	29.301359999999999	-101.25000000000000	0.36907124479053971	0.12885530286249544	-0.20223902452309617	-0.20155568910488633
st_2	29.301359999999999	-98.437500000000000	0.35151407767060217	0.17008591788443531	-0.33805346501220324	0.11301526517500687
st_3	26.510770000000001	-101.25000000000000	0.35723182289903388	0.18419510469001887	-0.27232105763627945	-0.10087360714095331
st_4	26.510770000000001	-98.437500000000000	0.34579235001460507	0.19077153179880965	-0.38603399298604568	0.30378631796336081
09.0	28.308889059999998	-98.557238400000003	-3.9266659744527206E-002	0.87493644450451113	0.46375127097503011	0.10048041609374449
