xmlns:cpt=http://iri.columbia.edu/CPT/v10/
cpt:nfields=1
cpt:field=eigenvalues, cpt:nrow=9, cpt:ncol=3, cpt:row=mode, cpt:col=index 
Mode	Eigenvalue	% variance	Cum. % variance
1	4.7927131350756582	53.252368167507314	53.252368167507314
2	1.5174971421721948	16.861079357468832	70.113447524976152
3	0.95570421809817085	10.618935756646344	80.732383281622489
4	0.81133224292372885	9.0148026991525434	89.747185980775015
5	0.53010157100344946	5.8900174555938829	95.637203436368907
6	0.14651351746725708	1.6279279718584119	97.265131408227319
7	0.12404195508328296	1.3782439453698108	98.643375353597136
8	7.2191700802536715E-002	0.80213000891707464	99.445505362514197
9	4.9904517373721931E-002	0.55449463748579919	100.00000000000000
