xmlns:cpt=http://iri.columbia.edu/CPT/v10/
cpt:nfields=3
cpt:field=undefined_prob_B, cpt:nrow=28, cpt:ncol=1, cpt:row=T, cpt:col=station, cpt:units=%, cpt:missing=-999.00000000000000               
	02.0
cpt:Y	28.308889059999998
cpt:X	-98.557238400000003
1983	85.553016293902559
1984	19.342619809978956
1985	0.57310819738832208
1986	46.844909990821847
1987	2.3253035615042705
1988	5.2207952109954903
1989	97.652394327933123
1990	99.999788164626892
1991	37.150157028800265
1992	0.15110532447330627
1993	5.7669007759966604
1994	99.999694838242434
1995	13.061183609967628
1996	99.999707073513051
1997	10.194102256011988
1998	30.650322173026851
1999	1.5439638526961943
2000	75.233850349781761
2001	3.5910201583103714
2002	6.2219764955598151
2003	4.5382014690018906
2004	13.406201701565465
2005	0.70654667104452074
2006	96.566356996861430
2007	2.0077516976384402
2008	4.4363651082722981
2009	95.834303772865212
2010	0.83150170674323931
cpt:field=undefined_prob_N, cpt:nrow=28, cpt:ncol=1, cpt:row=T, cpt:col=station, cpt:units=%, cpt:missing=-999.00000000000000               
	02.0
cpt:Y	28.308889059999998
cpt:X	-98.557238400000003
1983	14.223558812693204
1984	69.693681173826675
1985	24.085918959423594
1986	50.467298317998036
1987	47.169069606636633
1988	59.832019859342388
1989	2.3271295017407061
1990	2.1009251815154109E-004
1991	58.479337200638653
1992	10.831752616755153
1993	62.055010887232619
1994	3.0257670341945011E-004
1995	69.513874301344472
1996	2.9059820941006235E-004
1997	67.120800307277307
1998	61.692340829510186
1999	35.786765314339497
2000	24.057661436124953
2001	55.750641019619728
2002	62.483935203417857
2003	59.463786247826235
2004	70.329449007756764
2005	23.256903917759843
2006	3.4078314869213169
2007	44.769705859264704
2008	55.727347913023877
2009	4.1313722286927099
2010	24.751089293938321
cpt:field=undefined_prob_A, cpt:nrow=28, cpt:ncol=1, cpt:row=T, cpt:col=station, cpt:units=%, cpt:missing=-999.00000000000000               
	02.0
cpt:Y	28.308889059999998
cpt:X	-98.557238400000003
1983	0.22342489340423116
1984	10.963699016194370
1985	75.340972843188084
1986	2.6877916911801156
1987	50.505626831859097
1988	34.947184929662122
1989	2.0476170326176848E-002
1990	1.7428549595242304E-006
1991	4.3705057705610804
1992	89.017142058771540
1993	32.178088336770720
1994	2.5850541516539766E-006
1995	17.424942088687896
1996	2.3282775406508119E-006
1997	22.685097436710709
1998	7.6573369974629646
1999	62.669270832964308
2000	0.70848821409328289
2001	40.658338822069901
2002	31.294088301022327
2003	35.998012283171875
2004	16.264349290677767
2005	76.036549411195637
2006	2.5811516217246609E-002
2007	53.222542443096856
2008	39.836286978703825
2009	3.4323998442077772E-002
2010	74.417408999318440
