xmlns:cpt=http://iri.columbia.edu/CPT/v10/
cpt:nfields=3
cpt:field=undefined_prob_B, cpt:nrow=58, cpt:ncol=1, cpt:row=T, cpt:col=station, cpt:units=%, cpt:missing=-999.00000000000000               
	08.0
cpt:Y	28.308889059999998
cpt:X	-98.557238400000003
1958	27.290369552939993
1959	41.933798861261366
1960	36.429556932770055
1961	36.474434621562800
1962	53.667223090720775
1963	43.832655012112767
1964	58.129283178627183
1965	36.988916003699337
1966	52.190606200225659
1967	70.867168262152006
1968	43.699070686194986
1969	44.495755036385432
1970	39.996430266345193
1971	23.401081753727368
1972	48.708761562757473
1973	44.918723490184462
1974	45.847269026206220
1975	25.410819222808129
1976	32.032759895979169
1977	33.743829242062972
1978	47.822451753742833
1979	35.037619065490915
1980	55.145582155600202
1981	26.719904246714862
1982	47.573809051545489
1983	40.725074727345302
1984	65.657824643136109
1985	32.456430936084772
1986	41.020430782823624
1987	33.943999895427751
1988	36.307504312426190
1989	66.337130195920963
1990	27.602765393388083
1991	53.261040715508777
1992	33.533017518443103
1993	41.081553425813524
1994	48.563292358727338
1995	39.758296886079201
1996	40.061800052788612
1997	28.077483075702474
1998	75.590533938140865
1999	29.756143432704079
2000	72.349121508955179
2001	39.173268968541343
2002	27.153186674192526
2003	27.577269090875461
2004	23.798023872946573
2005	41.026336634236863
2006	36.429598689758691
2007	23.392925904345546
2008	50.896941001073763
2009	73.071835543822246
2010	32.978518428098184
2011	52.352964761149160
2012	73.264564862683812
2013	47.855856035354790
2014	41.569851967228210
2015	37.938645022992880
cpt:field=undefined_prob_N, cpt:nrow=58, cpt:ncol=1, cpt:row=T, cpt:col=station, cpt:units=%, cpt:missing=-999.00000000000000               
	08.0
cpt:Y	28.308889059999998
cpt:X	-98.557238400000003
1958	30.857928325577745
1959	28.626411221646162
1960	31.675980392005378
1961	31.708178490786121
1962	27.821414351499431
1963	30.720204514899223
1964	26.237052832681215
1965	30.977880522270766
1966	27.382740906648159
1967	19.651847091655195
1968	30.564091803010523
1969	29.147332039188139
1970	31.098746972015984
1971	29.187215653926344
1972	29.374670132862818
1973	29.761171789592769
1974	30.211588314134314
1975	29.614650266327878
1976	31.528644673680084
1977	31.142653377072563
1978	29.768187757420556
1979	31.300556145506619
1980	27.082814082569843
1981	30.654340273009865
1982	29.966519764960253
1983	30.222783140860081
1984	22.323518087428269
1985	31.372439227368162
1986	30.477835553983049
1987	31.473546764653662
1988	30.988993988118096
1989	22.314114137503175
1990	30.960361850557902
1991	27.841631187831258
1992	31.670190281493369
1993	31.044039694671035
1994	29.078888037286681
1995	31.446680671684305
1996	31.091420367908448
1997	31.024844194588944
1998	17.199208299873234
1999	31.270022440472260
2000	19.114857833606713
2001	31.443225259572188
2002	30.576069330399164
2003	30.681418271488674
2004	29.503775000019431
2005	30.450196146800927
2006	31.048270963466578
2007	29.199033937000962
2008	28.965664406124159
2009	18.668382051556254
2010	31.494036668785313
2011	28.183832419677902
2012	18.412182465410705
2013	28.725057487544280
2014	30.191019480315539
2015	31.583969096017498
cpt:field=undefined_prob_A, cpt:nrow=58, cpt:ncol=1, cpt:row=T, cpt:col=station, cpt:units=%, cpt:missing=-999.00000000000000               
	08.0
cpt:Y	28.308889059999998
cpt:X	-98.557238400000003
1958	41.851702121482262
1959	29.439789917092472
1960	31.894462675224567
1961	31.817386887651079
1962	18.511362557779794
1963	25.447140472988011
1964	15.633663988691604
1965	32.033203474029897
1966	20.426652893126182
1967	9.4809846461928018
1968	25.736837510794491
1969	26.356912924426428
1970	28.904822761638822
1971	47.411702592346288
1972	21.916568304379709
1973	25.320104720222769
1974	23.941142659659466
1975	44.974530510863993
1976	36.438595430340747
1977	35.113517380864465
1978	22.409360488836612
1979	33.661824789002466
1980	17.771603761829954
1981	42.625755480275274
1982	22.459671183494258
1983	29.052142131794618
1984	12.018657269435620
1985	36.171129836547067
1986	28.501733663193328
1987	34.582453339918587
1988	32.703501699455714
1989	11.348755666575855
1990	41.436872756054015
1991	18.897328096659965
1992	34.796792200063528
1993	27.874406879515440
1994	22.357819603985980
1995	28.795022442236494
1996	28.846779579302940
1997	40.897672729708582
1998	7.2102577619859023
1999	38.973834126823661
2000	8.5360206574381046
2001	29.383505771886469
2002	42.270743995408310
2003	41.741312637635865
2004	46.698201127033997
2005	28.523467218962210
2006	32.522130346774730
2007	47.408040158653492
2008	20.137394592802078
2009	8.2597824046214967
2010	35.527444903116503
2011	19.463202819172938
2012	8.3232526719054896
2013	23.419086477100929
2014	28.239128552456251
2015	30.477385880989623
