xmlns:cpt=http://iri.columbia.edu/CPT/v10/
cpt:nfields=2
cpt:field=undefined, cpt:climit=lower (95.%), cpt:nrow=28, cpt:ncol=1, cpt:row=T, cpt:col=station, cpt:units=none, cpt:missing=-999.00000000000000               
	10.0
cpt:Y	28.308889059999998
cpt:X	-98.557238400000003
1983	-7.0156037935493512
1984	-9.8633921546283858
1985	-7.1346847574546803
1986	-7.7231124914296991
1987	-8.2416896955687395
1988	-6.4475851564148909
1989	-7.1576815236466906
1990	-6.6748610516727185
1991	-8.4859212863881979
1992	-6.5826709035591211
1993	-7.5339421869166827
1994	-6.1860512845344235
1995	-11.151119244578464
1996	-8.2105959720465549
1997	-8.6194732624669754
1998	-8.6819113559033596
1999	-9.0476703251663846
2000	-7.9474886897666597
2001	-9.4994701343284902
2002	-6.5106460821304220
2003	-6.6970481629235863
2004	-7.6094851764728348
2005	-9.7679165170527256
2006	-5.8799649370282978
2007	-8.1634417815274709
2008	-9.0494019822969332
2009	-9.6110731263837721
2010	-9.4126835776496982
cpt:field=undefined, cpt:climit=upper (95.%), cpt:nrow=28, cpt:ncol=1, cpt:row=T, cpt:col=station, cpt:units=none, cpt:missing=-999.00000000000000               
	10.0
cpt:Y	28.308889059999998
cpt:X	-98.557238400000003
1983	14.881976710482116
1984	14.348521085569974
1985	14.557313220927378
1986	13.946748774986521
1987	15.046151806465572
1988	16.521811403290730
1989	14.931340600243129
1990	15.246442304610095
1991	13.928034425285752
1992	15.427730048317686
1993	15.109185214710383
1994	16.795969863859774
1995	12.641491478184545
1996	13.727719169493607
1997	14.962790812878357
1998	13.680695282606880
1999	13.413491086924020
2000	13.898910669407021
2001	13.165255721846123
2002	16.156582143248219
2003	15.954664224331434
2004	14.130412633049723
2005	14.306130981172302
2006	17.452158235791575
2007	13.819786228578288
2008	13.980085760531479
2009	14.810208518426723
2010	13.770938208275371
