xmlns:cpt=http://iri.columbia.edu/CPT/v10/
cpt:nfields=3
cpt:field=undefined_relodds_B, cpt:nrow=28, cpt:ncol=1, cpt:row=T, cpt:col=station, cpt:missing=-999.00000000000000               
	08.0
cpt:Y	28.308889059999998
cpt:X	-98.557238400000003
1983	2.1149446491213300
1984	9.6022336483083421
1985	1.2434567516254600
1986	2.7183488292148681
1987	1.4243569154963265
1988	2.5985449912419978
1989	7.7437292982064454
1990	1.1295986498945318
1991	2.4801474348874621
1992	2.5448982298875338
1993	2.1704762257944132
1994	4.1606860804516383
1995	1.6537338860706252
1996	2.1799972411800685
1997	1.2603216221430633
1998	2.6449303599483813
1999	1.5187337066759072
2000	6.5649922428488114
2001	1.8339982886444377
2002	1.8477614569233167
2003	1.0211577650720702
2004	1.0765762711947884
2005	2.3273629670656852
2006	1.1980352981451681
2007	1.0970259286649078
2008	2.6230450649368704
2009	3.7945381773427429
2010	0.90850933247774990
cpt:field=undefined_relodds_N, cpt:nrow=28, cpt:ncol=1, cpt:row=T, cpt:col=station, cpt:missing=-999.00000000000000               
	08.0
cpt:Y	28.308889059999998
cpt:X	-98.557238400000003
1983	0.50533706572825388
1984	0.20288377578688113
1985	0.50480598963690282
1986	0.45296103418859490
1987	0.53327678568843795
1988	0.44682760139184297
1989	0.24585047537583568
1990	0.50955484492070235
1991	0.48325999825972610
1992	0.44690511510191916
1993	0.45630992953403726
1994	0.37373895747202734
1995	0.52712373619546393
1996	0.49162908343916539
1997	0.52668479573266624
1998	0.45161499020722723
1999	0.52133421803842783
2000	0.27901739589207153
2001	0.51549483517404826
2002	0.48496362884673733
2003	0.51125565245225091
2004	0.50886236272764285
2005	0.41528737362210794
2006	0.51966805155946039
2007	0.49460635858724006
2008	0.47073999384342791
2009	0.39910168462048418
2010	0.44912511930115634
cpt:field=undefined_relodds_A, cpt:nrow=28, cpt:ncol=1, cpt:row=T, cpt:col=station, cpt:missing=-999.00000000000000               
	08.0
cpt:Y	28.308889059999998
cpt:X	-98.557238400000003
1983	0.79458037194073161
1984	0.17457824312626413
1985	1.4193359422137410
1986	0.62887472538114741
1987	1.1925553451004125
1988	0.67488785790927597
1989	0.21187911700485537
1990	1.5461852498969182
1991	0.67310632820276339
1992	0.69328672286604531
1993	0.83202296444195178
1994	0.40151332837039710
1995	1.0247979113297554
1996	0.78224834075789829
1997	1.3612737049832790
1998	0.65380716834311858
1999	1.1329160327640673
2000	0.24992090496855252
2001	0.92706130617570992
2002	0.96131118986707920
2003	1.6928453912176871
2004	1.6182548150158800
2005	0.81783030291338210
2006	1.4431664292871140
2007	1.6199785285577892
2008	0.63883358949552982
2009	0.43545430942173496
2010	2.0343371355688329
