xmlns:cpt=http://iri.columbia.edu/CPT/v10/
cpt:nfields=2
cpt:field=undefined, cpt:climit=lower (95.%), cpt:nrow=28, cpt:ncol=1, cpt:row=T, cpt:col=station, cpt:units=none, cpt:missing=-999.00000000000000               
	06.0
cpt:Y	28.308889059999998
cpt:X	-98.557238400000003
1983	-7.0439261070179100
1984	-4.8802745531114198
1985	-2.7883353909290172
1986	-4.1490351530208738
1987	-2.7029090152424144
1988	-4.1258321173421511
1989	-4.9075749471276957
1990	-2.8995263505069708
1991	-3.4774430920321713
1992	-1.2540813270682962
1993	-2.0702496618523103
1994	-3.7720337789572840
1995	-6.4707849721543722
1996	-11.329150126811065
1997	-3.3587254438322462
1998	-11.115280431666854
1999	-5.5751918362095427
2000	-6.9335696119402375
2001	-3.6649797019307160
2002	-3.3224709561162049
2003	-6.2896369298689967
2004	-1.6652451850692920
2005	-3.8396155126507399
2006	-5.3526974522202986
2007	-2.8135170985447653
2008	-6.1734732646626060
2009	-4.9856302164743465
2010	-4.7538307141811380
cpt:field=undefined, cpt:climit=upper (95.%), cpt:nrow=28, cpt:ncol=1, cpt:row=T, cpt:col=station, cpt:units=none, cpt:missing=-999.00000000000000               
	06.0
cpt:Y	28.308889059999998
cpt:X	-98.557238400000003
1983	8.8413435237192779
1984	10.308972357053605
1985	12.593157121030224
1986	11.013722991672671
1987	13.926928112373371
1988	11.121405686327686
1989	10.535470506321266
1990	12.512847817898400
1991	11.697555003077561
1992	16.197451359456895
1993	13.385329486494815
1994	11.476878887822753
1995	8.8400104249111315
1996	5.5803969524400960
1997	12.134292144404032
1998	5.6228919764172014
1999	9.6659422109976916
2000	8.5611311606147513
2001	11.492398013471053
2002	12.069535091989291
2003	9.0335591986094279
2004	14.044330479734871
2005	11.749835204505118
2006	9.8174272795423185
2007	12.743607833496501
2008	9.2723876406925143
2009	10.172142205048289
2010	11.436104278420036
