xmlns:cpt=http://iri.columbia.edu/CPT/v10/
cpt:nfields=1
cpt:field=X_loadings, cpt:nrow=9, cpt:ncol=4, cpt:row=station, cpt:col=mode 
Station	Latitude	Longitude	1	2	3	4
prec_1	29.301359999999999	-101.25000000000000	-0.34022655161639204	-3.0895171036264770E-005	0.68003568145315241	-0.42784391804725025
prec_2	29.301359999999999	-98.437500000000000	-0.35429616854087881	-7.4381679181458216E-002	6.8346199576202582E-002	0.37859686406789017
prec_3	26.510770000000001	-101.25000000000000	-0.35164909273843464	1.0066955937838046E-002	0.41213804827828315	0.13212035146355694
prec_4	26.510770000000001	-98.437500000000000	-0.35131529584174054	-9.6708287368487744E-002	4.0739765739861100E-002	0.65677160642166987
st_1	29.301359999999999	-101.25000000000000	0.35820471877056598	1.4076393231359993E-002	0.19990868457568703	0.33906849191422805
st_2	29.301359999999999	-98.437500000000000	0.35655034271668162	-3.0766352740576805E-002	0.24379744880353849	0.30735366211067167
st_3	26.510770000000001	-101.25000000000000	0.35655745831461877	1.0271577802966246E-002	0.33151568773741225	5.5367248306457825E-002
st_4	26.510770000000001	-98.437500000000000	0.35577080707625985	-1.4021363821914367E-002	0.38977125610824137	5.5591220009106129E-002
10.0	28.308889059999998	-98.557238400000003	-4.9957395128043966E-002	0.99174931869837135	1.1739168912866145E-002	9.6018926709389343E-002
