xmlns:cpt=http://iri.columbia.edu/CPT/v10/
cpt:nfields=1
cpt:field=eigenvalues, cpt:nrow=9, cpt:ncol=3, cpt:row=mode, cpt:col=index 
Mode	Eigenvalue	% variance	Cum. % variance
1	6.1351066743357361	68.167851937063759	68.167851937063759
2	1.1972175548102315	13.302417275669242	81.470269212732987
3	0.80384625915572461	8.9316251017302744	90.401894314463263
4	0.37801501631682827	4.2001668479647591	94.602061162428029
5	0.19822905482886710	2.2025450536540796	96.804606216082107
6	0.15652943316743506	1.7392159240826122	98.543822140164707
7	7.2999896927538041E-002	0.81110996586153394	99.354932106026240
8	4.5460479518415399E-002	0.50511643909350445	99.860048545119739
9	1.2595630939224382E-002	0.13995145488027094	100.00000000000000
