xmlns:cpt=http://iri.columbia.edu/CPT/v10/
cpt:nfields=1
cpt:field=eigenvalues, cpt:nrow=9, cpt:ncol=3, cpt:row=mode, cpt:col=index 
Mode	Eigenvalue	% variance	Cum. % variance
1	3.5208114900866936	39.120127667629951	39.120127667629951
2	1.7822782979154819	19.803092199060920	58.923219866690879
3	1.0847334273463687	12.052593637181882	70.975813503872757
4	0.96653085467599376	10.739231718622159	81.715045222494908
5	0.79264730573589415	8.8071922859543843	90.522237508449294
6	0.29569973361722307	3.2855525957469252	93.807790104196215
7	0.25195893489492965	2.7995437210547758	96.607333825250990
8	0.20344924708894455	2.2605471898771627	98.867881015128148
9	0.10189070863846689	1.1321189848718551	100.00000000000000
