xmlns:cpt=http://iri.columbia.edu/CPT/v10/
cpt:nfields=1
cpt:field=X_loadings, cpt:nrow=9, cpt:ncol=4, cpt:row=station, cpt:col=mode 
Station	Latitude	Longitude	1	2	3	4
prec_1	29.301359999999999	-101.25000000000000	-0.31887664917078251	0.21070715136950421	0.41266313150119543	-0.51200544441018625
prec_2	29.301359999999999	-98.437500000000000	-0.28786058658068497	0.42299424616413872	-0.26043020345692719	0.29143731394641392
prec_3	26.510770000000001	-101.25000000000000	-0.29752487252914400	0.43948006786160554	0.25065119768743044	-0.21334608104437161
prec_4	26.510770000000001	-98.437500000000000	-0.27409357745105567	0.49872371552131478	-0.12134762651946782	0.33460907555642699
st_1	29.301359999999999	-101.25000000000000	0.39843476964323299	0.33119608170992115	-0.12716390040880407	7.6715689921007413E-002
st_2	29.301359999999999	-98.437500000000000	0.40008100637364308	0.28604595769734109	0.12455422966160051	-0.18704341835777860
st_3	26.510770000000001	-101.25000000000000	0.40486402456058213	0.28470046607323685	-0.11606226737485650	0.10549722800660030
st_4	26.510770000000001	-98.437500000000000	0.39893183082990080	0.24672573904286085	0.17026077585504884	-0.27568918560944894
08.0	28.308889059999998	-98.557238400000003	9.9644693683832317E-002	-3.7002830421406570E-002	0.78114683911939775	0.60616021280038723
