xmlns:cpt=http://iri.columbia.edu/CPT/v10/
cpt:nfields=1
cpt:field=Predictor_scores, cpt:nrow=58, cpt:ncol=4, cpt:row=T, cpt:col=index 
	1	2	3	4
1958	-1.2637579660318690	7.7870550734267879E-002	0.33581204453163727	0.43732569268367655
1959	-2.7747247445948444	0.71627906567488064	0.37598545922277538	-0.34457047370737598
1960	-0.22586460747557410	0.51860056480650829	0.45786135876411466	5.3101852824702242E-002
1961	0.90057767147235346	1.4434908362114185	0.28121853506351591	-0.18199830538543518
1962	2.3173062395067072	0.60788919577864409	-2.7478719101715929E-002	7.3173129445832860E-002
1963	2.7513717315721431	-1.4346894187132688	0.59468744302725807	0.15819157590879654
1964	-1.4583874352093353	-0.34664988054104662	0.12487272838475122	-6.8722266702281279E-002
1965	3.2505561359566464	0.25362697172271009	-0.45289468534123883	-0.22425659518814958
1966	-2.9663481399269314	0.39624917222243489	-0.13188065740707677	0.32913299202531743
1967	0.72474616142264936	0.23923751911250812	-1.4956685148860904	-0.18822350455465364
1968	1.7666836325575663	0.70805312076126403	0.11487402672215401	-0.76207722087761176
1969	-1.5095684222647678	-0.72474658944742865	-0.37119920960909147	-0.25631147816251798
1970	-1.1398445461609734	1.2271830403306143	0.33592249018443932	0.16797405378810801
1971	5.1866048070612534	0.24733876176553465	-0.52125986131787028	0.14117335572497769
1972	2.3675389943372429	0.27988008340925780	1.2483957202366835	0.29957927182348387
1973	-1.3532694560916854	1.2148733424651932	-1.6101704883487495	0.92800054521190678
1974	3.5408909398201898	0.87969462953943600	0.83802364961604137	-4.6595203680609945E-002
1975	3.2984548513091010	1.5926831749037951	-1.6451822611295408E-002	4.7340756878006485E-002
1976	3.4013618887404493	0.28309715912166533	5.5466049093199785E-002	8.0707549688699406E-002
1977	-0.41000202532420693	1.2984057472042807	0.68240646168928831	-6.9404768323029664E-002
1978	-0.79284416233731037	-1.4696753093661918E-002	0.48680626534359378	-0.11481743923263149
1979	-0.59210737948904613	-0.31729496238934146	-0.48705996373283611	-1.4622661327474164E-002
1980	-2.8026966017901191	-0.32827239633669281	-1.1547527823236754	-0.21256219847094862
1981	1.0537364291004621	0.84841918430108787	-1.3168332797233067	4.5352271140751729E-002
1982	-0.28094423744567176	0.97621436139277074	0.24377004694718857	-0.25968829210727729
1983	-2.0972859437060567	1.5477111558829777	-1.9541736233299605	1.3974942760219449
1984	-0.22789385378091334	-0.83721355442286749	1.6124210156632346E-002	-0.51374695913369439
1985	1.4991226001154583	0.20900663115339180	-0.25421869788814172	3.6865830676337197E-002
1986	-0.47494679756157610	-0.25983937540976532	1.2383093248647050	9.2568724624620818E-002
1987	-2.7156775954580095	0.76326877709920860	0.53065015189478359	-0.16979969473349418
1988	-1.1266936737614903	0.52417490542163625	0.55081059185188808	0.16468278952746379
1989	4.2693700365984224	-1.3462116587124666	0.12179880580652191	0.22513933065270927
1990	-1.9079917301879246	-1.3667890945262697	-1.3299207807881679	-0.62844744943645459
1991	-3.2850285995580886	0.48550531060119428	-0.39755292461006775	-0.45207049783019820
1992	-4.9650303840165808	-0.78442526146969149	1.5765936455007328	0.91267141137946084
1993	-4.2834437781614509	0.34832331597511945	0.16524023344127031	-0.19233441787630604
1994	-0.47702569751117829	-0.97178311055429156	-2.4052207812481599	-0.49576390523783703
1995	-3.9000467231103730	-0.16506776075937074	0.46566854462105989	-0.27568996995077727
1996	0.81435101108406893	0.32329318340936375	-0.38656826115216203	6.3265178685398327E-002
1997	-0.30531938099334510	0.53151922796412343	0.52242722389758833	-5.2106341419094891E-002
1998	-2.0708221456701654	2.3104417548038749	-1.8357036906517690	0.63630845277635861
1999	5.3024903580142242	0.95636917649911046	1.0378063596950788	-0.21999087253477809
2000	3.7176072788052368	-0.28717649270786183	0.38876546977741794	-4.7386052878857311E-002
2001	2.0433618043428692	0.63881130143157028	0.92232011849301088	-0.36384915647314042
2002	-2.3616674020788260	1.2143298197272014	0.39921253624167707	-1.1098310362492554
2003	-2.0966340327718194	-0.73706526796686467	1.4548321110566662	0.84812936752746881
2004	-3.2510740662232935	0.37206403650044850	0.33800034178283206	-0.57272063062694145
2005	-0.80142968825902117	0.89071334191959661	0.88632370822103712	-0.30116037305552879
2006	-6.9983244606441036E-002	-1.0277916797862292	-0.22760168015774454	0.14078120511537937
2007	-0.59036253664159277	-0.59784668755935499	0.43567218483802256	0.71831136232312853
2008	3.5921984098601976	0.48322629099670611	0.94431840203456030	0.24886426022024213
2009	0.85915376161738499	-0.71461669509628667	-0.29761935363373332	-0.24781042599863110
2010	-0.16387026855391160	-2.4659222813453430	1.4645422505725083	0.17234487440603807
2011	4.8705644197060298	-2.3746867059167971	-0.88272905366172516	0.54011072816884598
2012	2.1081991281470289	-2.4900712913763465	-1.0285283509126315	0.22993860070727207
2013	1.3000337615090489	-0.55583867458230074	-0.93400120032144451	-0.55233877372135620
2014	-4.6086349462405209	-2.5487505410770521	0.97952634793938853	0.19184801760077408
2015	-1.5850598396620605	-2.7103985770530352	-1.0955564587556552	-0.44148049268071754
