xmlns:cpt=http://iri.columbia.edu/CPT/v10/
cpt:nfields=1
cpt:field=Predictor_scores, cpt:nrow=58, cpt:ncol=4, cpt:row=T, cpt:col=index 
	1	2	3	4
1958	0.62238554581610828	-3.0786944042151237E-002	0.18642641673640101	-0.26644402767794689
1959	2.2263513373415558	0.75179351484945356	0.42699153597548900	-0.61869187154628480
1960	1.8139868036332198	0.29033056575163052	1.2229001885462036	0.76385770344322923
1961	-3.5728610059918835	0.28030878096672579	2.1253602683368991	-0.76012809392149405
1962	-0.89471612785335719	-0.90349126976926764	-1.2612924770273506	-2.3427494184086495
1963	-4.5619556543974102	-2.1288508707004672	-0.14485426505524845	-0.53417655116020735
1964	-2.0871638612240888	1.3610264593074053	-0.93921334634438447	-0.74548679856555333
1965	-3.8846377397128817	-0.40534241746527189	8.6302388094604138E-003	0.14075465574108900
1966	-5.6549996026186848	1.3039326522004264	-0.51123573830032976	-1.3163924240324427
1967	1.3378451181271993	1.1515746440556005	-4.6338863828634502E-002	-4.7417707515016561E-002
1968	-3.0161360966367319	-0.13564876090120020	-0.40688974089805052	-0.77677847459642402
1969	1.5147023912585746	-0.17277572277871733	1.1008805165685260	0.15498071619166315
1970	-3.3614965958597458	0.19550665884554652	0.66918353622521676	0.72342555244818318
1971	-1.0151919251559212	1.7297039540456627	-0.82170558910399927	0.42651828101201944
1972	-1.5817752391507665	1.3597955310257555	-0.78207980438816760	-0.46926503129332525
1973	-2.7608441225033071	0.45654151681655708	1.3214202640985064	-1.0767916766937562
1974	-8.2581531643431544E-003	1.3077344309919072	9.4564003201532687E-002	-0.31955405072092757
1975	-0.21670108980899219	0.70488114243181610	-0.15047072938417722	0.39081282708817799
1976	-0.88783894934180529	1.5443869215625499	-1.6377534915372969	0.57413460222241675
1977	-2.4632241130431609	-9.9242289978203502E-002	-0.14901510759235342	0.70803177862581368
1978	2.0404522149418942	0.56648858031838312	-0.62435968272527065	0.53874445061575904
1979	-0.45682680037452833	-0.32141517269577807	-0.31929832343322728	0.43879536007753744
1980	-0.35343714142319532	0.87692710387234873	-0.44187387652023430	1.8069102599595039
1981	1.7238406965185491	0.44618731338307244	0.16350060868919597	0.88635646384421141
1982	-3.1784498174090263	-0.76262273008030990	1.6203339979095024E-002	0.86604027526748650
1983	-1.6698348577495845	3.6680441643371586E-002	-0.61573516176013054	-0.23976779409036453
1984	1.5437705362467242	-1.3719325121654729	-1.8947260620296722	-7.1699965223841367E-002
1985	-1.9745398529317890	-4.8264888354290825E-002	-1.3423891309217109	0.17716384998803950
1986	2.7660038619395282	-0.77176281720484741	-0.64593802823902735	-0.37658545721979547
1987	2.0394032890308313	1.2231786854037194	-0.87184311673009418	-7.1876208764717056E-003
1988	1.7703709534086427	0.75023677164171432	-0.80093976009059697	-0.35677881371288345
1989	-0.39855843169896121	0.45916264313968402	-1.3307991145674132	0.83646588772057184
1990	-3.0758821356386354	0.54847780055620721	1.3713279387370148	0.21761373586386321
1991	2.0048269260030174	0.91769552014850053	0.22186464885992013	-0.88297185187785532
1992	2.5348341419831639	0.94617166074150372	-0.84378649842323084	1.1103484589885984
1993	-8.7522231690175090E-002	-1.7682156167358885	-1.6332726729174873	0.74179165786280976
1994	-0.90635413301483003	0.35439092670553085	-0.34914593421858731	-0.40798967652171542
1995	1.6656496762948467	-1.0848620272772023	-4.9773311513299390E-002	-0.11452648609678732
1996	-2.5686154752979893	-0.32421880041560835	0.90636076488482620	0.46762260486452678
1997	-1.9691709587818389	0.13542762368723654	0.46810542781588443	0.62958397316172288
1998	0.67734899792969872	1.3105008680189743	-9.8532124164210366E-002	-0.78057752063661168
1999	4.0833997838305480	0.96139674831604582	-0.35092268673985078	0.25847563677357177
2000	0.59140895869156684	-1.9238119550579345	0.12907918239008798	-0.95134283580909296
2001	2.6982203284434112	-3.6962229469651497E-002	0.65990328617423399	0.27428719677259716
2002	-0.27020174163623434	-0.17551605027966510	1.5880832318834619	0.81809235602326880
2003	-1.0397720046877748	-0.12225085677926362	0.43863805589590388	0.60337103293319427
2004	0.46962790147706546	0.41427933871055356	0.88227763056268926	0.55668710171122626
2005	1.3123118837485959	0.11460660885490481	1.2563738617071623	-1.2727427812471064
2006	4.5076375956420307	-2.0250144822234115	-0.35945660215192327	0.34681359389506483
2007	2.7852778450979447	1.0908880489939350	1.1272940924565686	-0.35263857998264997
2008	4.0969014751616344	0.57952577944823647	0.88428369851136046	-1.2086303329259749
2009	2.6592858699580164	-1.6774002332908204	6.1742269180323002E-002	-1.2802223628539040
2010	3.3630012079748548	-0.55964096658053308	1.8094991294390625	0.52438852482782838
2011	3.3707543694531523	-1.5594492485032756	-0.75399297215347238	-0.66502445466056614
2012	-2.6799247079236674	-2.2270170605202120	-0.40114630973900833	0.56157821734577351
2013	2.3991618044379757	-0.39853476759731105	0.17655330563246771	0.54072371112902928
2014	-2.0243737767133894	-1.8899794977458133	0.89765158580987958	0.77188462545943637
2015	2.5028290503275631E-003	-1.2447290478247255	0.36368149539671846	0.38630756800979482
