xmlns:cpt=http://iri.columbia.edu/CPT/v10/
cpt:nfields=1
cpt:field=eigenvalues, cpt:nrow=9, cpt:ncol=3, cpt:row=mode, cpt:col=index 
Mode	Eigenvalue	% variance	Cum. % variance
1	6.8906650746690694	76.562945274100827	76.562945274100827
2	0.97378234748981485	10.819803860997951	87.382749135098777
3	0.50979777775574953	5.6644197528416660	93.047168887940458
4	0.40880508175805585	4.5422786862006248	97.589447574141076
5	0.13527585406745934	1.5030650451939940	99.092512619335068
6	3.7400019036898914E-002	0.41555576707665492	99.508068386411708
7	2.2039081600378582E-002	0.24487868444865110	99.752947070860358
8	1.7291884600464987E-002	0.19213205111627776	99.945079121976633
9	4.9428790221029383E-003	5.4920878023366024E-002	100.00000000000000
