xmlns:cpt=http://iri.columbia.edu/CPT/v10/
cpt:nfields=3
cpt:field=undefined_prob_B, cpt:nrow=58, cpt:ncol=1, cpt:row=T, cpt:col=station, cpt:units=%, cpt:missing=-999.00000000000000               
	11.0
cpt:Y	28.308889059999998
cpt:X	-98.557238400000003
1958	22.446276383643564
1959	22.867340909678845
1960	29.122623329121922
1961	64.566456631857619
1962	55.863763167091555
1963	70.753698178943949
1964	18.461630558880429
1965	44.815387748356294
1966	56.072179631117528
1967	26.511193714650588
1968	36.291372490745658
1969	30.021889115405131
1970	31.267246988666543
1971	19.401691161879583
1972	39.411399627252820
1973	20.867901815966050
1974	51.097244558325187
1975	44.846344651622601
1976	23.337447589339689
1977	52.166527410377817
1978	50.438605766714339
1979	81.818294487195374
1980	64.776774412064242
1981	26.074484638540156
1982	38.966218400305586
1983	38.837169451924524
1984	26.507064889866655
1985	27.072491316433926
1986	28.035797743110081
1987	38.607124932998126
1988	51.271055033673093
1989	47.588635436857210
1990	40.731162995993941
1991	36.103879777397964
1992	48.421879557809312
1993	95.869903431433386
1994	38.722220660628167
1995	58.131957634058274
1996	32.642752707697966
1997	47.392479539205048
1998	26.302570877197795
1999	50.222229336252703
2000	46.947092273407755
2001	94.152208304203285
2002	27.533565697080746
2003	21.285727516254866
2004	36.923265092882104
2005	40.493496776458237
2006	37.181678422670814
2007	31.987375766281474
2008	74.256686851687022
2009	60.696120277628729
2010	73.933603187886675
2011	39.235844132271836
2012	44.441522336211371
2013	17.501759202764148
2014	50.787726160301659
2015	36.598856819737399
cpt:field=undefined_prob_N, cpt:nrow=58, cpt:ncol=1, cpt:row=T, cpt:col=station, cpt:units=%, cpt:missing=-999.00000000000000               
	11.0
cpt:Y	28.308889059999998
cpt:X	-98.557238400000003
1958	26.104005319783404
1959	26.034149704342759
1960	27.825271784909646
1961	20.813044228176373
1962	23.864077571310929
1963	18.631092910412303
1964	23.768862029486300
1965	27.235710280183319
1966	24.526219140987862
1967	27.340655226874361
1968	28.284243041145807
1969	27.876084268093628
1970	27.844483480331064
1971	24.498826398650209
1972	27.980865342340564
1973	25.022642100883118
1974	25.974265492309879
1975	26.554242416650379
1976	26.315942055788035
1977	25.595582344194767
1978	26.538523224595085
1979	12.698906000027982
1980	21.041885558956299
1981	27.242798404157988
1982	27.956104540478954
1983	27.809755710979104
1984	27.199661169512432
1985	27.338876702285170
1986	27.608679053902293
1987	27.773831960803115
1988	25.997691321152541
1989	27.134169320744629
1990	27.864297808449702
1991	28.045767738449918
1992	26.710132552362499
1993	3.1765427776998250
1994	27.964275324136217
1995	24.208291538372976
1996	28.138676501076915
1997	25.908357074663115
1998	26.615308035462078
1999	25.881747526082258
2000	26.926777159534492
2001	4.4478374459051278
2002	27.099223006157217
2003	25.557912178875355
2004	28.194881797249408
2005	28.169193741606573
2006	27.462400217122934
2007	28.007310024597651
2008	16.806297701718798
2009	23.187543337590942
2010	16.842670972168563
2011	28.013693135736816
2012	26.743408691924550
2013	23.555908037134685
2014	26.443084836252758
2015	27.585155697818898
cpt:field=undefined_prob_A, cpt:nrow=58, cpt:ncol=1, cpt:row=T, cpt:col=station, cpt:units=%, cpt:missing=-999.00000000000000               
	11.0
cpt:Y	28.308889059999998
cpt:X	-98.557238400000003
1958	51.449718296573032
1959	51.098509385978396
1960	43.052104885968433
1961	14.620499139966000
1962	20.272159261597515
1963	10.615208910643741
1964	57.769507411633271
1965	27.948901971460387
1966	19.401601227894609
1967	46.148151058475051
1968	35.424384468108535
1969	42.102026616501242
1970	40.888269531002393
1971	56.099482439470208
1972	32.607735030406616
1973	54.109456083150832
1974	22.928489949364934
1975	28.599412931727020
1976	50.346610354872276
1977	22.237890245427415
1978	23.022871008690576
1979	5.4827995127766416
1980	14.181340028979466
1981	46.682716957301857
1982	33.077677059215461
1983	33.353074837096372
1984	46.293273940620914
1985	45.588631981280905
1986	44.355523202987627
1987	33.619043106198760
1988	22.731253645174366
1989	25.277195242398161
1990	31.404539195556357
1991	35.850352484152118
1992	24.867987889828189
1993	0.95355379086678682
1994	33.313504015235615
1995	17.659750827568750
1996	39.218570791225119
1997	26.699163386131836
1998	47.082121087340127
1999	23.896023137665040
2000	26.126130567057753
2001	1.3999542498915860
2002	45.367211296762036
2003	53.156360304869779
2004	34.881853109868487
2005	31.337309481935190
2006	35.355921360206253
2007	40.005314209120876
2008	8.9370154465941809
2009	16.116336384780329
2010	9.2237258399447608
2011	32.750462731991348
2012	28.815068971864079
2013	58.942332760101166
2014	22.769189003445582
2015	35.815987482443703
