xmlns:cpt=http://iri.columbia.edu/CPT/v10/
cpt:nfields=1
cpt:field=X_loadings, cpt:nrow=9, cpt:ncol=4, cpt:row=station, cpt:col=mode 
Station	Latitude	Longitude	1	2	3	4
prec_1	29.301359999999999	-101.25000000000000	-0.35462464694615137	-0.20749411581423244	5.1222007862283765E-002	0.14268706910933854
prec_2	29.301359999999999	-98.437500000000000	-0.32426640330564560	-0.20731495775895781	0.40750185146895501	0.50932786668799046
prec_3	26.510770000000001	-101.25000000000000	-0.34801563828497090	-0.37242710916526200	0.15827147259372215	-0.36029841243733135
prec_4	26.510770000000001	-98.437500000000000	-0.35022204745538033	-0.16707697382321612	0.27730582861570335	0.12603155728175908
st_1	29.301359999999999	-101.25000000000000	0.38472830723050994	-0.17461246390575003	0.23914573225078828	-3.4260997062151952E-002
st_2	29.301359999999999	-98.437500000000000	0.34453989227904641	-0.28065367142149861	0.40024494736443794	-0.30789202176796138
st_3	26.510770000000001	-101.25000000000000	0.35364287925905236	6.5569900800310110E-002	5.7916466324026666E-002	0.67343929156099980
st_4	26.510770000000001	-98.437500000000000	0.35229304106961262	-0.33537415652827252	0.32313432347468518	7.1656483304579494E-004
05.0	28.308889059999998	-98.557238400000003	-9.7082500266445049E-002	0.72202409985895755	0.63577775843078366	-0.15822237268137607
