xmlns:cpt=http://iri.columbia.edu/CPT/v10/
cpt:nfields=3
cpt:field=undefined_relodds_B, cpt:nrow=58, cpt:ncol=1, cpt:row=T, cpt:col=station, cpt:missing=-999.00000000000000               
	05.0
cpt:Y	28.308889059999998
cpt:X	-98.557238400000003
1958	2.0882900235093618
1959	3.3866432107125521
1960	1.5351511617091991
1961	1.3395887480132738
1962	3.2673607461547673
1963	1.4007682839553792
1964	2.0101091583180031
1965	2.5403197790880681
1966	0.36365539480432307
1967	0.56394776440720695
1968	0.54255108499429372
1969	2.4096907719671892
1970	0.73826028944103206
1971	23.141387650407637
1972	1.2858844161373766
1973	2.6636653948326772
1974	0.84740600075978945
1975	1.0570743902615487
1976	0.74978520315824249
1977	0.35582933481822043
1978	2.3599736211424429
1979	0.38950617307182611
1980	10.055126732257518
1981	0.74770280717231952
1982	2.2821152266036062
1983	6.8644037917786722
1984	9.2197012257123170
1985	0.27058395922020928
1986	1.6819726095216425
1987	1.6411918107153702
1988	1.2940593535088591
1989	1.6806046149326441
1990	0.54299544037623049
1991	1.7042651312703545
1992	0.27657346033662872
1993	0.41570273365323623
1994	1.7044142146817789
1995	0.68809469733487505
1996	19.519953513050819
1997	0.65776404880784245
1998	5.2255332556719427
1999	2.6798105252735933
2000	2.3657081592250684
2001	0.66654748977591216
2002	3.8533367531305296
2003	1.6134113514653861
2004	0.47697374653254943
2005	1.0749711842464982
2006	6.2801141749915024
2007	2.2836195743263104
2008	6.4306205017707008
2009	22.449989377211544
2010	2.1918425398930665
2011	65.666411820943196
2012	1.7141848873590715
2013	38.592298105958449
2014	7.4925994703799912
2015	0.69394433869635364
cpt:field=undefined_relodds_N, cpt:nrow=58, cpt:ncol=1, cpt:row=T, cpt:col=station, cpt:missing=-999.00000000000000               
	05.0
cpt:Y	28.308889059999998
cpt:X	-98.557238400000003
1958	0.52731590681630802
1959	0.44889488674834949
1960	0.55431757889575950
1961	0.55262755758899840
1962	0.44973570750690012
1963	0.56531440048879644
1964	0.53505533892417667
1965	0.49786351444084431
1966	0.38860040259171208
1967	0.47875629093472999
1968	0.46666602728898376
1969	0.50457759603080476
1970	0.51841273344248995
1971	0.11006946173295117
1972	0.55980164459150517
1973	0.49024615581762898
1974	0.53713906393137489
1975	0.55704486763534378
1976	0.52513416663137902
1977	0.38932669205377635
1978	0.50392707719568641
1979	0.40826522436011065
1980	0.22193131458084642
1981	0.51725989838125908
1982	0.51374927709326923
1983	0.28064359773561687
1984	0.23871737882524430
1985	0.32778185139183241
1986	0.54332292742882649
1987	0.50809781778087437
1988	0.56156596646165291
1989	0.54163114765194242
1990	0.47092842235955823
1991	0.54213132463915303
1992	0.32258459944442008
1993	0.40613563184834139
1994	0.54252892216927451
1995	0.50976232825704992
1996	0.12761538996791691
1997	0.50652320339640899
1998	0.34298303348728953
1999	0.45579637627842051
2000	0.51082097546822414
2001	0.50916828123071634
2002	0.42099484658033637
2003	0.55591324675893394
2004	0.44638090314884515
2005	0.55817746697240145
2006	0.31421848869114621
2007	0.52164663869785477
2008	0.29823718521332926
2009	0.11342605840705573
2010	0.50009351578719763
2011	4.2781330442474397E-002
2012	0.55399014770155997
2013	7.0059161951650864E-002
2014	0.27813524098187764
2015	0.50935652311255664
cpt:field=undefined_relodds_A, cpt:nrow=58, cpt:ncol=1, cpt:row=T, cpt:col=station, cpt:missing=-999.00000000000000               
	05.0
cpt:Y	28.308889059999998
cpt:X	-98.557238400000003
1958	0.77992244927708487
1959	0.46300462349457305
1960	1.0709449665121697
1961	1.2382503341292423
1962	0.48790689773686025
1963	1.1632252870315607
1964	0.80771485570466750
1965	0.63567766074002874
1966	4.3182659140672692
1967	2.8414819021220619
1968	2.9679881639663779
1969	0.67409847952338986
1970	2.2064682573343433
1971	5.6314643013955078E-002
1972	1.2785524067158653
1973	0.60410118568622651
1974	1.9268286845261229
1975	1.5484469046610876
1976	2.1611761704984045
1977	4.3697073021385311
1978	0.69347093254501790
1979	4.0144287023094378
1980	0.14137886915251607
1981	2.1875648840822972
1982	0.71253818299721083
1983	0.22857844866623719
1984	0.15430547031231595
1985	5.6928318386239907
1986	0.98311514132027489
1987	1.0613233816894310
1988	1.2675787493580015
1989	0.98634594524443964
1990	2.9491038847049702
1991	0.97026573774276881
1992	5.6811675537739790
1993	3.8672495217527350
1994	0.96962731039928340
1995	2.3564406046855613
1996	6.8159344845609468E-002
1997	2.4486979511833398
1998	0.29993140560227083
1999	0.63771335985045008
2000	0.68336808326327592
2001	2.4160871788574254
2002	0.40324569879437927
2003	1.0120153347958538
2004	3.3329220068593708
2005	1.5224860696925946
2006	0.23654905326685782
2007	0.70280280720989974
2008	0.24080261294788954
2009	5.7889130971623640E-002
2010	0.76658553374019278
2011	1.7377842734355851E-002
2012	0.94795908682835317
2013	3.1336188212070050E-002
2014	0.19442964825222095
2015	2.3423784120678741
