xmlns:cpt=http://iri.columbia.edu/CPT/v10/
cpt:nfields=1
cpt:field=X_scores, cpt:nrow=58, cpt:ncol=4, cpt:row=T, cpt:col=index 
	1	2	3	4
1958	1.2226806777077985	0.64662931699101223	0.68797364691053331	0.17246905399021337
1959	1.0942111692531951	0.15817529752992518	0.72012194287958631	-1.3859094133880512
1960	1.7216172009313655	1.0468486159753354	0.97028335762989981	7.7929438784917759E-002
1961	1.7570713448691537	9.1564712456049427E-002	0.56929268903286367	-6.0960676175205418E-002
1962	1.2823213904877018	-0.69804853683920998	9.1578109388013501E-002	-0.50878434144428408
1963	1.5705879276882648	-0.89295297353529746	0.70351793990796807	-0.12331595108869248
1964	3.2591545659823504	0.66644147026914080	-7.0674162115896125E-002	7.4533295217219256E-002
1965	-0.26353820059616972	-1.5336711879986418	-0.22154726941394873	7.4767030991566341E-002
1966	0.88941042750861676	-0.54399002637490523	8.2328468619908765E-002	1.1202546682431591
1967	0.40238516614332454	0.63066673019206654	-2.2612950248005603	-0.34636336391571004
1968	3.1960747113471908	-1.2510066787806184	-0.45407019916136299	-0.13761993497179864
1969	-2.0891329135343519	2.0706707254452228	1.6306506862949308	-1.6271158889949051
1970	-2.2692691957257334	8.6527855260461625E-002	0.98111731943070934	-0.17359885040960762
1971	-1.5909470046611516	0.20883880443608571	-0.13188105161747410	1.9223094541460182
1972	0.24386706404228123	-1.5558855883935554	-1.2671186863069742E-002	-1.2782609409989194
1973	-0.46177786473175725	-0.41880104727075229	-0.32695627526636006	1.3308090551674943
1974	0.81212735419673687	0.12599397827606407	-0.61929213594451771	1.2702029290683543
1975	4.1416987633197504	0.25150604958404243	0.86365631104779406	0.97222257855207150
1976	6.5238916446707026E-002	-2.7632922783614955	-0.91254892984424696	-1.4521863867766578
1977	-0.41720450758149741	-1.2894350782127040	0.16974518368691305	-0.41768492483971764
1978	3.1655435584032263	-0.39813455557127259	0.39561977225804035	-7.6226601427291565E-003
1979	2.2495710193017078	-0.30444685287652984	0.88343758563275832	0.67189898225761613
1980	2.1593166996781021	-4.8953882568427698E-002	0.99230479829746954	-1.0454098588976768
1981	-1.5395811728125877	1.1332836665303072	2.1582935175772682	-0.41008993222816542
1982	9.0511987861306278E-002	0.51059479244585226	0.35196830664624168	0.67600661219753966
1983	-1.9789541185657638	0.54849598512312769	-0.21375184671147310	0.69685736619842686
1984	-2.3484374639130690	2.0672892023400751	-2.2228714716959819	1.1483773583639951
1985	1.4322220504636252	-1.6298137434975422	8.1513051259240899E-003	0.35005624932935492
1986	-0.54615304513446483	-1.3042068774380917	-0.17861956654133082	1.4406534452155744
1987	-0.18078258482346163	-2.0216337430104137	0.33475897015780920	0.43970237912628019
1988	-1.5247012898229166	0.16403010713904381	-1.0555782412920161	1.3199518452979051
1989	2.8134990071273602	-0.81768793319425837	-1.0078732255901377	-5.3644199980039397E-004
1990	-0.80409117092142590	0.16436221725644287	0.13105246057295045	0.39113034238441552
1991	1.9658889189065389	0.37893091006546442	-8.3789698556665057E-002	0.51582512068918551
1992	-5.8748405251988967	-2.7128588979487094	-2.9709487525470799E-002	-0.58778152606471079
1993	-6.3636773556826807	-1.0833598062277481	-0.13593189003368045	0.20122258787253505
1994	1.3394311908377889	-1.0550634372286245	-0.21493535543879486	0.22633699201072652
1995	0.68697646737697249	1.2141402760336333	0.65438907423444037	0.71566822715324718
1996	1.1176591368822251	0.75053135671293636	-0.45583700283353623	-0.41515752615976204
1997	1.1492899070970827E-002	0.25388336328291272	1.1739077788413914	-6.4694534001153797E-002
1998	-0.74094099965986648	2.7282079429023041	-2.3692270117056284	-0.81631685456675340
1999	0.99541420110078638	1.1795384245665552	1.0807421229994143	-5.2008092934205309E-002
2000	0.68597676950944653	0.17343533999784569	0.54248487652271060	-0.80588782044886287
2001	-2.2280954729534579	-0.35516245656437723	-0.57481805045965895	-0.38227620507973759
2002	-1.5767680638981556	0.45813422137656945	-0.44894397705908995	2.2734486594660541E-002
2003	3.7391427758996700	0.30120918015756482	0.11082899529023273	-0.19926186303608800
2004	-4.1290530909485827	-0.46258743434230470	0.80580179050328793	-1.1227805226371514
2005	-4.5948726047456852	3.0000049906035833	1.1784600896897415	0.53282481867986087
2006	2.2613486543063219	-0.41998442523066498	-1.0656733046194760	-1.3513627096606060
2007	-2.0685522709470150	-0.61572804444565987	0.81480256275756802	-0.15060323059052866
2008	2.5529177995895540	0.76072541196729415	-0.61882528486187272	0.27227971936860429
2009	-0.17929094376315383	-0.78415497237027854	-1.7058788980003710	-0.68227672848475995
2010	0.80198283809778814	1.6048020865578227	0.74166956660599981	-0.39622705773886924
2011	0.51559441514630011	2.5637184333207874	-2.3508231024973529	-1.4848681592602504
2012	-2.2459087560220530	0.88266661818389780	-0.18296639776029780	-0.35984202376276403
2013	-2.5395546245565903	-0.36359436732103007	0.63553438462869838	-0.22449687924214046
2014	-1.7343500310132420	-1.0516740349619498	-1.4747085757633627	0.46408449197443136
2015	4.7538202737048139E-002	-0.44571922240757089	0.93722501080428922	0.97019277106492174
