xmlns:cpt=http://iri.columbia.edu/CPT/v10/
cpt:nfields=1
cpt:field=X_scores, cpt:nrow=58, cpt:ncol=4, cpt:row=T, cpt:col=index 
	1	2	3	4
1958	-0.18369258590077961	1.1150294936162493	0.13038380805315530	-0.46611605027624886
1959	0.19614994515272219	1.4198097346057772	-0.32260969461710204	-2.6775229913993288E-002
1960	1.2763662020387809	0.70233525103419447	0.11316522548074449	-0.91967529934500147
1961	1.1360142581776973	-2.0974003909965266	1.3431351655867052	-0.14151599985327201
1962	3.0398132129905240	-1.6001032088129521	1.3433361530034664	-5.5870367705725685E-004
1963	-1.4011842668800358	-1.7728304163681612	0.40182631094829890	-0.18745028334151892
1964	1.9646832258191103	0.69382736944905654	1.2120659221131769	0.16208694366567072
1965	-3.4065623942008982	-0.44326303654722898	0.50150407555732168	0.66646307818297024
1966	-2.5545009311533193	-2.0740598234777075E-002	-0.91693513500615720	0.11835885824834400
1967	0.57240310701926023	0.71425743863297375	0.31758001877245240	0.11266528416558898
1968	1.8726090332361598	0.50957042972033839	-0.18444755923443221	-0.33948833370237713
1969	-1.9099818477361497	0.74010090136281070	-2.9292217952291477E-002	1.0011933438709670
1970	3.1245150439438811	0.62876361445307238	6.2343949932950546E-002	-0.21699162925773893
1971	-0.21648030155999634	1.7022599061758790	-0.35447692640740031	0.15049057900541274
1972	-3.3678367661439195	0.20689632123285112	-1.7557962396006661E-002	-1.0591465121665542
1973	2.6889943918643295	1.5384833277753629	-0.25313272710959173	9.6067423238721902E-002
1974	0.59506439130688338	0.32002604445288307	-1.0136747444953629	0.28514552209552541
1975	2.0925998974611173	0.95837359360124164	-1.4377962951866399	-0.49295555016611969
1976	-1.2228429602623567	0.71176542542122412	0.61414566742585897	-0.50239919455778892
1977	0.30643255436966671	0.35941530688337592	-1.1499198845580907	0.24394589069640255
1978	0.38252305991706786	-0.39366423270706613	4.1468541102346157E-002	-0.22431207558399840
1979	-0.51545204269375799	-1.9655510363976816	-0.40307471993510652	-0.54607431056733735
1980	-1.4317225998479699	-1.8434758724436517	0.97607534343102986	0.77822729273245461
1981	-0.15120759797717306	0.87338426916333378	0.12752899764463727	-0.30814017761462242
1982	-3.4742111449220245	0.34563223562609352	-0.17879748009815580	0.36091892675965609
1983	-3.8051542376409286	-0.12441743259882901	0.49764364132581856	-0.51258550283714099
1984	2.0706753436704948	0.72465064056404194	0.32054197219976321	-6.4510299850622357E-002
1985	0.49575927367337835	1.0841926542416058	-0.24702548686429215	2.0515096748452522E-002
1986	-1.4559341539306474	0.60888523214626511	0.32430363800958073	-7.0680824031167017E-002
1987	-3.8608873319582799	0.55857843889667158	-0.44784129592707761	8.8632294609387777E-002
1988	3.1971022178900226	-4.0720662445866383E-002	-0.50212259651348068	0.40457703388962929
1989	0.50538559479672740	6.0430423991130640E-002	-0.39412854992750435	-0.36585121752924471
1990	-2.3005842136587940	-0.32114052382248959	0.63534084473368113	0.27233615635665454
1991	-3.4884004395614792	0.39663076374550243	-3.1591133433748864E-002	-0.36505059258214501
1992	-3.1334654806540145	-1.4309352823033182E-002	-0.36778761757529277	-4.3773207197816758E-002
1993	-2.9733722210579021	-3.2270124010212742	-1.6386092725944277	0.20626091829235199
1994	-3.4318501501413925	0.38884953359884833	-0.22090880595881132	8.5239493879860392E-002
1995	0.45757916999384030	-0.52980870412268788	-0.32362534035619994	-0.18885978315567811
1996	1.3515458922268589E-002	0.10211954203873710	0.66805147768054751	-0.52593697081905166
1997	-7.1265927810336658	-0.14065627521237356	-0.12840282936511380	0.73090794090491529
1998	4.2627432302984429	0.59103152066320930	0.57481734612737834	0.41829240637120901
1999	5.1400645205745352	-5.8243381280993267E-002	-0.39031320055258578	0.13369197517377371
2000	3.6263175711441717	-0.33819810882912643	0.23562891702969566	-0.12331790540589745
2001	2.8837473770878255	-3.4663403853070824	-0.57239300011014382	-0.71901757857509840
2002	-2.2914338826463609	0.23417087653417915	0.91732290541703954	3.6634527909701897E-002
2003	1.7074303193537390	1.0377040215077342	0.37487049458410121	0.64129036862240874
2004	2.2856084013415110	3.7956858679152036E-002	0.43821067414976750	7.9609940526372006E-002
2005	-0.75793059466205603	-0.12283629650708976	0.37412538027613479	-0.52622216307054492
2006	-9.4230043969150523E-002	-0.63805521950250588	1.3858656139491448	0.42474883309455952
2007	2.6515765002936784	0.42912472308001232	0.27795223241938694	-0.39935498541224074
2008	3.8501670478909915	-1.1936086626657627	-0.71295405328193839	0.49116842555920259
2009	-1.8250967212542131	-0.61166375137678974	-0.41530389211620861	3.4811553079585694E-002
2010	4.7612618910692097	-1.0625147512554411	-0.88491318997634349	0.50803221359426665
2011	3.2295835924450431	0.11591606137626309	0.16061764204813453	0.45908815655710461
2012	1.4710861332980201	0.93454193662457108	-1.3792603301838395	0.19384099643301708
2013	0.18066781086020942	0.88263963894343067	1.0178765979220135	0.10078401738431397
2014	-0.60565031289523796	-0.22136085781346082	-0.23242729159037814	0.29754392556355197
2015	-5.0521817735601999	0.52056202925492845	-0.23640532360100200	-0.26680903672372891
