xmlns:cpt=http://iri.columbia.edu/CPT/v10/
cpt:nfields=1
cpt:field=eigenvalues, cpt:nrow=9, cpt:ncol=3, cpt:row=mode, cpt:col=index 
Mode	Eigenvalue	% variance	Cum. % variance
1	5.7097266113126066	63.441406792362272	63.441406792362272
2	1.7153398544704725	19.059331716338576	82.500738508700849
3	0.90894836123219858	10.099426235913313	92.600164744614148
4	0.37569081466594439	4.1743423851771579	96.774507129791303
5	0.21975750054405119	2.4417500060450124	99.216257135836329
6	4.6742383682676296E-002	0.51935981869640313	99.735616954532745
7	1.6240980500602274E-002	0.18045533889558074	99.916072293428314
8	6.3329449951327298E-003	7.0366055501474747E-002	99.986438348929795
9	1.2205485963189739E-003	1.3561651070210817E-002	100.00000000000000
