xmlns:cpt=http://iri.columbia.edu/CPT/v10/
cpt:nfields=1
cpt:field=X_scores, cpt:nrow=58, cpt:ncol=4, cpt:row=T, cpt:col=index 
	1	2	3	4
1958	-3.6651398026653523	0.51477135798436446	0.23768281058971355	-0.57383206370147055
1959	-0.65682154542413829	1.0466458793217137	-1.4354408984016880	0.72031880666639347
1960	1.1026583269144015	0.72052279133997077	-0.55011878791301849	-0.49416460446816424
1961	2.1971820171013641	6.7236158549727240E-002	-0.31476129268089625	0.81468249732727560
1962	1.0664817357492573	0.35779329638626506	-0.82291523624002394	-0.26269715837877866
1963	1.4147972213003337	-0.38802719804562885	0.63539100749485289	0.23162247562861751
1964	2.1335377669581663	1.9750841594314776	-1.3801576353630796	-0.61413898107153320
1965	1.8464471662427628	-1.7850941527835437E-002	0.14914330598493383	0.95503811995104426
1966	-2.6843856122805088	0.77608416296359550	-0.42406788606932311	-0.19311255634140795
1967	0.18363349794390765	0.97102525757472558	0.99481489882225216	8.7285063237811628E-002
1968	2.6734020857055905	0.42360788836820046	-0.12753660806949740	4.6872060246197729E-002
1969	2.3376003246076826	0.42599485631478379	-0.39809793239540286	-0.53813660422570808
1970	-3.0537829905801841	0.24417818791432913	-0.71143906886831965	-0.10870186176428188
1971	1.3029522948357100	1.4038049757838207	-0.24021670117890875	-1.9287149385205649E-002
1972	-2.1377074662507263	-2.1357325840682131E-002	0.94089480733258124	0.59717569038054019
1973	0.33740202964936078	1.0622911256922445	-0.68355207516459948	0.36031774696281699
1974	-2.3496939673088999	0.81936068356955127	-0.31983483107452787	-9.6975138095376584E-002
1975	2.0680018287275486	0.62240962088509877	-0.25033611119141569	0.39340075130404240
1976	-1.6956470857134505	0.77778257496496128	0.17765837324404588	0.76575380749478916
1977	-2.1170402574912757	-0.15625797564984209	-1.3325116784457387	-0.36513955624368016
1978	2.2220362725177103	0.29532529920778300	0.64695900526631056	3.4744039501202161E-002
1979	-0.13525684726821555	-0.80384706247574755	0.35471934799419091	-0.28812272637679354
1980	0.93513667728978511	-6.0986640731807859E-002	0.48556495102837910	0.44160795378869505
1981	0.35028545587603038	0.69477676549016210	0.37555251388732197	-0.45252127611836274
1982	-3.6710402915194633	-0.28110366893482969	0.14769877322588670	-0.21238196921100153
1983	-2.3080050297604435	0.16107765765584267	-4.7079700895528891E-003	-5.3633554739270520E-002
1984	1.8044694640375225	-2.5843894969045964	-1.1064805531568342	0.16283847174646565
1985	0.14018658665388983	0.21902098450803939	-2.7072520398785986E-002	0.35780712916981666
1986	-0.57861877845604059	-0.20389080276714400	0.47414099711640934	0.10930893734018095
1987	-5.1716451137801887	5.1155798172099205E-002	1.0569499379874556	2.2240151798358067E-002
1988	1.2900548849839082	0.82427529604839722	-1.3599512039124728	0.22068175438060414
1989	1.3045145248647159	-0.20659025622162980	-0.83986661021594933	0.23920887058195076
1990	-1.6778916225766314	0.42983416643063921	-0.33989542032909426	0.29630194857112885
1991	-2.5773498327117847	-0.23342973955165677	1.2811967684828243	0.51905702709746582
1992	-1.9779744810369231	0.43416017364542558	-0.39710857389171056	0.44685678089556713
1993	-4.4908215082424645	-0.63784045114401411	-0.22795182504844133	6.7351074382498738E-002
1994	-3.2575250943165730	0.12768291586768110	-1.7074673934850220	-0.12238379670041725
1995	1.1380059970678651	-0.81773866556525587	2.6856446258906779	-0.24271112936295905
1996	-0.19398216857644790	8.9237461169355853E-002	1.1084617148281497	-0.21090855640305828
1997	-5.8151363357773702	-0.57825836501657690	0.79929410821385760	-6.0327759751643138E-002
1998	1.3391845615789051	0.43420859045178273	1.5779577206446709	-0.63971727844491721
1999	2.9221775265325634	0.17826621378613899	1.4833174510888381	0.17678648707643180
2000	1.9484035796619044	-0.39773941754549264	0.12221964754010477	-2.3528109765374398E-002
2001	2.4766585175562814	1.8530368839921908E-002	1.8304829439679844	-0.23446552649973468
2002	-0.38525013581725892	1.4610315864818417	-0.21543045787008849	-0.19709660054491801
2003	1.7492043173646898	0.90413897499129114	-0.86313645419532681	-0.10447843465387355
2004	0.13557407096640245	0.28998152714432207	0.66571609664614906	0.57219781195427355
2005	1.5696749621473101	-2.5601797991987105	-1.0617299230948658	-0.40120744936467578
2006	-1.5258194467251815	1.1624381759395337	-1.6125798116099717	-0.37516350723159925
2007	1.6148881461449376	0.31397633082937787	1.0092794020650895	-0.18303348857721077
2008	5.3408397365086842	0.11875545069332333	0.72372084748637600	-0.29608069100202150
2009	-2.2912396962041504	-2.7399354411278729	-1.0756300313414282	0.52442846111183816
2010	5.6427498277858179	-0.46058439748237623	0.48508621885841924	2.8892899477824426E-002
2011	2.7407349394662366	-2.8433373010724052	-0.53230573878703413	8.8234724888138022E-002
2012	0.53036259411567332	-0.48224976260849006	-0.66271039165385115	-0.86404062225946798
2013	4.0149878632480753	-0.42351371080868533	0.10362236888962015	-0.15508262445521734
2014	0.45345522304158581	-2.4318240815757974	-1.4807602664586508	-0.38876519934670489
2015	-5.9099069146703451	-1.0855342125977951	1.9526012440119953	-0.50917556847849066
