xmlns:cpt=http://iri.columbia.edu/CPT/v10/
cpt:nfields=3
cpt:field=undefined_relodds_B, cpt:nrow=28, cpt:ncol=1, cpt:row=T, cpt:col=station, cpt:missing=-999.00000000000000               
	10.0
cpt:Y	28.308889059999998
cpt:X	-98.557238400000003
1983	1.6981205422347019
1984	2.1342547453953076
1985	1.5740466049185133
1986	2.0887779108925795
1987	1.7324678661477217
1988	2.1878927012592664
1989	2.1318693623423757
1990	1.7254866255678276
1991	3.1920419200353312
1992	2.0108718501341238
1993	3.2085440711271507
1994	1.7957699847213648
1995	3.0888194730115828
1996	2.4301069677073381
1997	0.98576436260896461
1998	1.8185807557821518
1999	1.9713621072785428
2000	2.5730192919903847
2001	1.9390769536478241
2002	1.6697693520022683
2003	2.2162344662920148
2004	1.0646337220299746
2005	2.4169006728509568
2006	1.7951532582643301
2007	1.6150067492018763
2008	2.5227461221465730
2009	2.2926122746781012
2010	1.5198268781707565
cpt:field=undefined_relodds_N, cpt:nrow=28, cpt:ncol=1, cpt:row=T, cpt:col=station, cpt:missing=-999.00000000000000               
	10.0
cpt:Y	28.308889059999998
cpt:X	-98.557238400000003
1983	0.29824755641605588
1984	0.27503604843050622
1985	0.31229649802019499
1986	0.30853471950096162
1987	0.28247925956062891
1988	0.29815288718570626
1989	0.29932000646738599
1990	0.31522264813834583
1991	0.23766791123108866
1992	0.28686651051700485
1993	0.25233909939268467
1994	0.31407810779484191
1995	0.26392916180754944
1996	0.29461894537545391
1997	0.24394606217236695
1998	0.30975693612250516
1999	0.30879576599762359
2000	0.29092109010655764
2001	0.30846947443181055
2002	0.30935983304775833
2003	0.29732998147004741
2004	0.28287070921679036
2005	0.26778580196820601
2006	0.29455686568609701
2007	0.30669943198569255
2008	0.29372523231344538
2009	0.27300729925204575
2010	0.27187087205310689
cpt:field=undefined_relodds_A, cpt:nrow=28, cpt:ncol=1, cpt:row=T, cpt:col=station, cpt:missing=-999.00000000000000               
	10.0
cpt:Y	28.308889059999998
cpt:X	-98.557238400000003
1983	1.3958366848350126
1984	1.1390771691502282
1985	1.4754247625621066
1986	1.1031524514755473
1987	1.4018156719770916
1988	1.0666910590841228
1989	1.0953273642084305
1990	1.3371734389204533
1991	0.77389654667736707
1992	1.1908300067049851
1993	0.74706491773604577
1994	1.2850290562624580
1995	0.76410440173901484
1996	0.95447500193813128
1997	2.5571814691964865
1998	1.2767910856896316
1999	1.1738878168830151
2000	0.90006008584327724
2001	1.1954397669109766
2002	1.3957831992612844
2003	1.0531217406788917
2004	2.2435496133822190
2005	1.0062697460340089
2006	1.3256617828369683
2007	1.4499950303973681
2008	0.91610326727033209
2009	1.0572080658513290
2010	1.6267460821204711
