xmlns:cpt=http://iri.columbia.edu/CPT/v10/
cpt:nfields=1
cpt:field=Predictor_scores, cpt:nrow=28, cpt:ncol=4, cpt:row=T, cpt:col=index 
	1	2	3	4
1983	2.2082319791896037	4.5364295825411072E-002	-1.0542410566920051	-0.13321585151676624
1984	3.2226947961498245	0.49797648052908999	-1.2533941889656717	-0.20978390801523214
1985	-9.0854631844832029E-002	0.91861735275969070	-0.42565617644605580	-0.50697089790203120
1986	-2.2894371997485092	0.77516687773570392	-0.10379606275913628	-0.16425804521657561
1987	-2.2788700293349562	0.85199713958359446	-1.4110344526876031	0.57271700735463615
1988	4.5908940665633589	-0.78073631791030351	0.68807312534639720	-2.4512119599941484E-002
1989	2.5465753154453474	-1.3329446647755676	-0.76232893701522464	0.22227644502346436
1990	-3.0306072283684808	-0.37177010691986623	0.36128324894455399	0.10405335560993430
1991	-0.98185575975210959	0.97611696982339557	-0.28641566981779087	0.26453004412012227
1992	-3.6509367966342978	5.4013149335396240E-003	0.54815425651424854	-0.65657478827870586
1993	-4.2319118700637848	-2.8502979859691275	-0.66423293170644604	-0.52061595820875506
1994	-3.2143401772000924	-0.11051492691251918	6.7610975297360237E-002	0.58119855002233067
1995	-0.33128306519662853	-0.15512611842986906	-2.5231380769332616E-002	-0.59597311989232349
1996	1.1006259164019949	0.74112401882942991	0.24616423097275456	2.4179556998086826E-002
1997	-2.7565264992556129	-0.18028691128516219	-0.35694527235225898	1.2823769385118533
1998	3.4706514918748872	0.90611841105484459	1.3647626506472690	0.32934119591358152
1999	5.2544176924644086	0.24008180236227997	0.56850187221050719	0.15142472449065544
2000	0.33690762241341715	0.87646882980723539	0.39191723173816312	-0.46169378266462691
2001	-3.2351881677518572	0.24143477009092551	1.8108807492244559	-0.58755579812967795
2002	0.51868227477949469	1.1693707773516127	-0.77395764609351969	-0.22701077129526304
2003	-0.77162433116685425	0.53905043983582002	-9.7413039625154796E-002	5.5279655076012589E-002
2004	-1.7374722282314867	0.82451907557275350	0.61455328464593406	4.7287268416627032E-002
2005	-0.50175035511655419	-1.4092298089543465	0.90777205641263170	0.78334528209078902
2006	0.36863127940802637	7.0475933708577770E-002	-0.41834523327330342	-1.9221423051887510E-002
2007	0.40829903680083696	0.52516033790366301	0.65793557059014329	0.37730251927206970
2008	2.6213705292280998	-0.26844466394565952	-0.67972325924233057	-0.37470220092275186
2009	-1.3691852971183964	-0.52338252896694404	-0.34858174172251705	-0.29619633871872736
2010	3.8238616360656419	-2.2217107936383327	0.43368779662439938	-1.7027539486774934E-002
