xmlns:cpt=http://iri.columbia.edu/CPT/v10/
cpt:nfields=1
cpt:field=eigenvalues, cpt:nrow=9, cpt:ncol=3, cpt:row=mode, cpt:col=index 
Mode	Eigenvalue	% variance	Cum. % variance
1	7.5018045838793386	83.353384265325985	83.353384265325985
2	1.0722290608999432	11.913656232221591	95.267040497547583
3	0.27278625660900679	3.0309584067667421	98.297998904314312
4	7.5986537504085225E-002	0.84429486115650254	99.142293765470825
5	4.5741129003623406E-002	0.50823476670692669	99.650528532177759
6	1.6553565023349162E-002	0.18392850025943513	99.834457032437186
7	1.0189681524367233E-002	0.11321868360408037	99.947675716041275
8	4.3390735810237792E-003	4.8211928678041992E-002	99.995887644719318
9	3.7011197526057294E-004	4.1123552806730324E-003	100.00000000000000
