xmlns:cpt=http://iri.columbia.edu/CPT/v10/
cpt:nfields=1
cpt:field=X_loadings, cpt:nrow=9, cpt:ncol=4, cpt:row=station, cpt:col=mode 
Station	Latitude	Longitude	1	2	3	4
prec_1	29.301359999999999	-101.25000000000000	-0.33116214412063905	0.18244112168222010	0.54529550018931461	1.1423237365127684E-002
prec_2	29.301359999999999	-98.437500000000000	-0.33887237575313545	8.6928976278942222E-002	0.48227546826106427	-0.55403758000851244
prec_3	26.510770000000001	-101.25000000000000	-0.35652876560042446	0.11827505212434511	9.2616578395505925E-002	0.71261827568744807
prec_4	26.510770000000001	-98.437500000000000	-0.36152087406780514	0.16137454264141257	8.5972543025227971E-002	0.27873646679190750
st_1	29.301359999999999	-101.25000000000000	0.36353187833912765	0.15136501883691100	0.21016577988160029	0.17167038897495643
st_2	29.301359999999999	-98.437500000000000	0.36062255461405823	0.16308371282949832	0.22429452604737798	0.21431934576868950
st_3	26.510770000000001	-101.25000000000000	0.35446733179008361	0.17075542984178488	0.32803681296079457	4.5174381809098191E-002
st_4	26.510770000000001	-98.437500000000000	0.35676118747559238	0.17253021168797567	0.32261465671058376	1.8108671569016303E-002
11.0	28.308889059999998	-98.557238400000003	-5.0570312486819320E-002	0.90038664036700555	-0.38461412429722047	-0.17210720973759799
