xmlns:cpt=http://iri.columbia.edu/CPT/v10/
cpt:nfields=3
cpt:field=undefined_relodds_B, cpt:nrow=58, cpt:ncol=1, cpt:row=T, cpt:col=station, cpt:missing=-999.00000000000000               
	13.0
cpt:Y	28.308889059999998
cpt:X	-98.557238400000003
1958	8.3877001317035252E-002
1959	0.12766711395963473
1960	4.4577860052911152E-002
1961	0.48539312218027247
1962	3.2054081942621653
1963	1.1700066009526002
1964	1.6552125563777005
1965	0.47344232842073586
1966	8.4588504848663337
1967	0.31982995918707169
1968	3.3398449667462122
1969	5.9037070832835610E-002
1970	2.6298029154191247
1971	6.8002557379980580E-002
1972	2.0578478517593943
1973	5.6185141160242598E-002
1974	0.10449554235544771
1975	0.63054244519985791
1976	3.3554362590691639E-002
1977	0.33714893961913017
1978	2.2741998756628932
1979	5.8654549253942116
1980	2.9628521000765420
1981	0.10337483831377121
1982	1.6472803320648408
1983	1.6708600381265124
1984	0.94755158843381637
1985	0.11370190983536801
1986	0.12752911608274461
1987	0.11099435953514318
1988	5.5557803644140895
1989	43.798716217426659
1990	0.43554793193679375
1991	6.7760536611250241E-002
1992	0.25303779361273743
1993	346.58209713594329
1994	0.32337287847922513
1995	0.85363204463572051
1996	0.13178875924314035
1997	0.46148161411139460
1998	4.5202328567038548E-002
1999	0.85251500788741474
2000	6.2713539024257844E-002
2001	5.1788817370008074E-002
2002	0.11307315203337588
2003	0.17071391866121299
2004	2.5464939748337613E-002
2005	4.1883526200589447
2006	0.87778356137746638
2007	0.10762912936158564
2008	3.0205230144904114
2009	2.0727682335712543
2010	161.45750144997754
2011	227.32242723473752
2012	12.994880160095743
2013	2.6059738460085304
2014	315.24819332829259
2015	0.37571346498401365
cpt:field=undefined_relodds_N, cpt:nrow=58, cpt:ncol=1, cpt:row=T, cpt:col=station, cpt:missing=-999.00000000000000               
	13.0
cpt:Y	28.308889059999998
cpt:X	-98.557238400000003
1958	1.5270116037426098
1959	1.9542238418187856
1960	1.0093134149089662
1961	3.1034420284752651
1962	1.1241895819409085
1963	2.3515611685907110
1964	1.9085401435354556
1965	2.9857000920850134
1966	0.45374071153065543
1967	2.9262047968174421
1968	1.0837717609054314
1969	1.1963073299633278
1970	1.3327264592449246
1971	1.3429884618346735
1972	1.6071902267901499
1973	1.1160162994848353
1974	1.6984302896483614
1975	2.9350501924431116
1976	0.82301425083988722
1977	2.9364921036300613
1978	1.5032684169605983
1979	0.64495986748068157
1980	1.2045051609485178
1981	1.7277239919371188
1982	1.9252220027952887
1983	1.8920217932198649
1984	2.6069273561403516
1985	1.8342650187492864
1986	1.7065492183035682
1987	1.8081819931917045
1988	0.67536243947264274
1989	9.0023758784887969E-002
1990	3.0850944234317783
1991	1.3076458858677373
1992	2.6271344112688708
1993	1.1450735537841882E-002
1994	2.8844112241502007
1995	2.7374422658405262
1996	1.9943900365674070
1997	3.0998800049532962
1998	0.93946284069837449
1999	2.7254682821892389
2000	1.2568051551455310
2001	1.1212275939300795
2002	1.8164595772545924
2003	2.2834253928279642
2004	0.71105917564006760
2005	0.88334620423770260
2006	2.7494534794347287
2007	1.7602143170157614
2008	1.1761798168876565
2009	1.6186747431760431
2010	2.4525729780735833E-002
2011	1.7452591409970332E-002
2012	0.29865538647190742
2013	1.3428341574794938
2014	1.2592377782594885E-002
2015	3.0057511415600353
cpt:field=undefined_relodds_A, cpt:nrow=58, cpt:ncol=1, cpt:row=T, cpt:col=station, cpt:missing=-999.00000000000000               
	13.0
cpt:Y	28.308889059999998
cpt:X	-98.557238400000003
1958	2.2265590444348571
1959	1.6087073556516385
1960	3.5991113370220882
1961	0.48940150759031714
1962	4.9982262691189730E-002
1963	0.19905561186123141
1964	0.12509093711453076
1965	0.53080296515284575
1966	1.2695378191041199E-002
1967	0.73270412841174859
1968	4.7290648683996926E-002
1969	2.9633935213941744
1970	6.6314410605421967E-002
1971	2.6017622173524173
1972	9.9341393940363426E-002
1973	3.1883396290952244
1974	1.9301724137997911
1975	0.39682802338573997
1976	4.4927105554189755
1977	0.70595529071237706
1978	8.0774167061535479E-002
1979	2.1083122629031583E-002
1980	5.5742273075982895E-002
1981	1.9014743361807327
1982	0.12286982141808385
1983	0.12472832617572972
1984	0.25392262803468868
1985	1.7581239102279631
1986	1.8435157347099853
1987	1.7922298030566857
1988	2.4824899256115758E-002
1989	1.1932458571339225E-003
1990	0.54607380869028632
1991	2.6716925694042075
1992	0.94084497852116289
1993	8.9513548298905595E-005
1994	0.74079012627692520
1995	0.28057956865208128
1996	1.5643094362166803
1997	0.51472640862039232
1998	3.8529981027570419
1999	0.28408055414072553
2000	2.8041739565886004
2001	3.2020030073691892
2002	1.7773955673525723
2003	1.2694263991106296
2004	5.2766078982632090
2005	3.4228562501996247E-002
2006	0.26264917730111348
2007	1.8522146429030963
2008	5.7723551306112897E-002
2009	9.1514232458970210E-002
2010	2.4260450786157134E-004
2011	1.4108749211858994E-004
2012	6.9293929940120926E-003
2013	6.7212130934556788E-002
2014	9.4839476085351946E-005
2015	0.63641052582579338
