xmlns:cpt=http://iri.columbia.edu/CPT/v10/
cpt:nfields=1
cpt:field=Predictor_scores, cpt:nrow=28, cpt:ncol=4, cpt:row=T, cpt:col=index 
	1	2	3	4
1983	-0.63944200802675821	0.19491534893536402	-0.10970660637328394	0.61081619947750065
1984	1.3973901141935519	0.44161348628931452	-2.1205423656009484E-002	-0.17978823456345938
1985	0.56461386039995343	0.73339045572206463	-1.6307591696417809	0.14425630054084829
1986	-2.3096851814992818	0.47750476832531924	-0.57094926191037099	0.10802968912676200
1987	-1.8984174423148032	0.28984090640501781	-0.90907963592657237	1.3457111616084897E-002
1988	4.2188548525152063	0.26000550787595889	-0.39087775961685123	-0.17123703258483680
1989	1.8396291430303726	0.10485759782732226	1.2508965053506433	-0.20022651059349059
1990	-1.3981205478853993	-0.21569484891358878	-1.4266617150432856	-0.13222241008920124
1991	1.5083728690541096	6.5563449762353787E-002	-1.0222879985286164	0.23837263208428303
1992	-3.5386762153551214	0.22371816724521937	-7.3606692990535169E-002	0.45554163228908917
1993	-3.8104071363580130	-2.9614184805144497	-0.12061310782439821	-0.38036382595301216
1994	-3.8402428104731778	9.1847602853270982E-002	0.54414782456794708	-0.30595122603040620
1995	-0.37601424421562774	0.72789874127415344	0.97834832659117477	0.18096626607831814
1996	1.8470820001966857	0.67383347761950030	-0.62318291167965234	0.26958427626073267
1997	-5.5800841768415363	0.17435254087525254	1.0500198734196717	0.57275613176718199
1998	4.2981574050024918	0.76520900276831527	0.12133287406774984	-2.2071868786430800E-002
1999	5.5651880015742217	-0.23406380718675504	0.75118386610873222	-8.3712080108334683E-002
2000	1.4061544651380367	0.82262599726564634	0.72518844344175681	-0.22457409538904741
2001	-1.1478254381297335	0.88538641683707120	-0.19054042389846509	-0.72415544578958446
2002	-1.5288439102339648	0.97738151356351766	0.11780885312708572	-7.5373279088906134E-002
2003	0.53658400583769883	0.51583177772909306	0.40937692279565124	-0.13598173795345606
2004	-2.1196887315181545	0.56244261507676141	-0.62025792607069163	-0.60363598790156270
2005	-0.11653117848987964	-0.42161009267841520	-0.78492849159678924	5.4273560344267890E-002
2006	-0.14371897620045018	-1.1503524946083468	1.2712437885406691	0.14285142374209658
2007	1.4539453201847874	0.55273479829956162	1.0231706145490376	0.34486066765155909
2008	2.5159903250167743	-1.5006221983623074	-0.71257856268565223	0.41077912258148552
2009	-1.5562784831526026	-0.15377125693008034	0.94604398201274698	-0.27843046749804534
2010	2.8520141185508341	-2.9034209933561068	1.8473812870369755E-002	-2.8820811230625826E-002
