xmlns:cpt=http://iri.columbia.edu/CPT/v10/
cpt:nfields=3
cpt:field=undefined_prob_B, cpt:nrow=58, cpt:ncol=1, cpt:row=T, cpt:col=station, cpt:units=%, cpt:missing=-999.00000000000000               
	12.0
cpt:Y	28.308889059999998
cpt:X	-98.557238400000003
1958	2.2273186195533299
1959	8.1452686167640849
1960	5.1217007575221345
1961	83.679031987207082
1962	26.573969841008534
1963	17.457831346192009
1964	35.249507355236716
1965	14.060239401426628
1966	90.794268182252324
1967	22.874682233043714
1968	54.146653976074468
1969	3.2012924487530938
1970	70.218297915671457
1971	6.4086049410789485
1972	34.921181944787975
1973	12.981512778381926
1974	12.234200376277158
1975	24.499242755052435
1976	2.0294971886238926
1977	37.345689469124579
1978	70.536344389484697
1979	96.986905711743162
1980	63.942629256746869
1981	6.6434024133738774
1982	30.322418231350156
1983	21.802513003730169
1984	9.5203890066557335
1985	1.8555769765358860
1986	2.4776240692726930
1987	5.8990357537912672
1988	27.414572446746007
1989	23.037616387421622
1990	10.878970408547815
1991	7.0634919158087683
1992	9.5569222349602398
1993	99.052889834449431
1994	10.276255591413033
1995	9.7925510747446651
1996	5.5393500371471305
1997	15.421289942767103
1998	11.815730700248395
1999	52.874344386461189
2000	5.0055552018321663
2001	1.9099042817340717
2002	1.0121550135205837
2003	8.8044096253677964
2004	2.3801353548581972
2005	41.417153642847040
2006	74.436386137710528
2007	15.435426344235196
2008	90.761394746597205
2009	19.207956882203320
2010	99.816064062598983
2011	74.518375912889354
2012	30.975129253929197
2013	10.875104807871352
2014	99.391763423668095
2015	9.1140351271646693
cpt:field=undefined_prob_N, cpt:nrow=58, cpt:ncol=1, cpt:row=T, cpt:col=station, cpt:units=%, cpt:missing=-999.00000000000000               
	12.0
cpt:Y	28.308889059999998
cpt:X	-98.557238400000003
1958	34.819182444757736
1959	56.406938797386104
1960	49.497599918027198
1961	15.920708154065160
1962	60.475418626781817
1963	61.939223134224576
1964	56.198595592688164
1965	60.996955475808427
1966	9.0534035654438156
1967	61.650427825522037
1968	42.666091553464128
1969	42.388649865903488
1970	28.498767607418038
1971	52.700093263050924
1972	55.688927665776049
1973	59.219658076404265
1974	59.783239524020779
1975	60.165553882192022
1976	33.528405090449709
1977	55.253236660805719
1978	28.223820560818208
1979	2.9820732156188612
1980	34.189973826041971
1981	53.498319760445447
1982	58.390514433368502
1983	62.063438027975010
1984	57.998837928989893
1985	33.335603711517408
1986	37.314487602885613
1987	49.375395973684483
1988	59.565859077487026
1989	61.969592755515222
1990	58.875954013748725
1991	52.189729386910173
1992	55.874994761806036
1993	0.93987235092135535
1994	57.089935850663679
1995	57.641304335012464
1996	50.656575047834700
1997	61.792685004188570
1998	57.484592782703515
1999	43.529757739840576
2000	47.730612179966137
2001	34.459398359332567
2002	25.090218775757577
2003	57.399547712778030
2004	37.468681246616796
2005	52.216925424031743
2006	24.537257624819699
2007	60.036170850850468
2008	9.0826105538618336
2009	60.517739307240817
2010	0.18297932384079946
2011	24.551910810859969
2012	58.975480751044685
2013	59.721254254501652
2014	0.60422104937810761
2015	56.629023411973321
cpt:field=undefined_prob_A, cpt:nrow=58, cpt:ncol=1, cpt:row=T, cpt:col=station, cpt:units=%, cpt:missing=-999.00000000000000               
	12.0
cpt:Y	28.308889059999998
cpt:X	-98.557238400000003
1958	62.953498935688934
1959	35.447792585849811
1960	45.380699324450667
1961	0.40025985872776426
1962	12.950611532209647
1963	20.602945519583415
1964	8.5518970520751214
1965	24.942805122764945
1966	0.15232825230386782
1967	15.474889941434247
1968	3.1872544704614034
1969	54.410057685343418
1970	1.2829344769105089
1971	40.891301795870127
1972	9.3898903894359780
1973	27.798829145213809
1974	27.982560099702063
1975	15.335203362755543
1976	64.442097720926398
1977	7.4010738700697019
1978	1.2398350496970936
1979	3.1021072637978212E-002
1980	1.8673969172111595
1981	39.858277826180675
1982	11.287067335281341
1983	16.134048968294820
1984	32.480773064354374
1985	64.808819311946706
1986	60.207888327841694
1987	44.725568272524249
1988	13.019568475766965
1989	14.992790857063154
1990	30.245075577703457
1991	40.746778697281059
1992	34.568083003233724
1993	7.2378146292114238E-003
1994	32.633808557923288
1995	32.566144590242871
1996	43.804074915018170
1997	22.786025053044330
1998	30.699676517048086
1999	3.5958978736982332
2000	47.263832618201697
2001	63.630697358933361
2002	73.897626210721839
2003	33.796042661854173
2004	60.151183398525006
2005	6.3659209331212150
2006	1.0263562374697777
2007	24.528402804914332
2008	0.15599469954096873
2009	20.274303810555864
2010	9.5661356022005951E-004
2011	0.92971327625068578
2012	10.049389995026115
2013	29.403640937626996
2014	4.0155269537947604E-003
2015	34.256941460862009
