xmlns:cpt=http://iri.columbia.edu/CPT/v10/
cpt:nfields=1
cpt:field=X_loadings, cpt:nrow=9, cpt:ncol=4, cpt:row=station, cpt:col=mode 
Station	Latitude	Longitude	1	2	3	4
prec_1	29.301359999999999	-101.25000000000000	-0.33965015105055196	9.8290647697247741E-002	0.47287803011935681	-0.64969539095069473
prec_2	29.301359999999999	-98.437500000000000	-0.35409571282467966	2.0581219466885521E-002	0.28697659370447237	-2.6433334907691119E-002
prec_3	26.510770000000001	-101.25000000000000	-0.35227989485886280	5.4925063752713513E-002	0.31243177045180254	0.10657725047987071
prec_4	26.510770000000001	-98.437500000000000	-0.34959589658430518	5.0540211020324799E-002	0.31599068613032144	0.73823099524806857
st_1	29.301359999999999	-101.25000000000000	0.36318040068230084	2.4562514868151510E-002	0.25433929522467241	8.9130473203870353E-002
st_2	29.301359999999999	-98.437500000000000	0.35850876226552586	5.7518387042353993E-002	0.32666834044555593	0.10778375602726532
st_3	26.510770000000001	-101.25000000000000	0.35698433335191854	2.5348367216180105E-002	0.36081104026999566	1.3697091594069205E-002
st_4	26.510770000000001	-98.437500000000000	0.35320188561009258	6.0845165979690002E-002	0.41644980668832932	-2.9901888295583018E-002
10.0	28.308889059999998	-98.557238400000003	1.7823117067715551E-002	0.98797162433648245	-0.14680377505757719	1.4496639597193283E-002
