xmlns:cpt=http://iri.columbia.edu/CPT/v10/
cpt:nfields=3
cpt:field=undefined_relodds_B, cpt:nrow=58, cpt:ncol=1, cpt:row=T, cpt:col=station, cpt:missing=-999.00000000000000               
	14.0
cpt:Y	28.308889059999998
cpt:X	-98.557238400000003
1958	0.21609709344939126
1959	0.29916755809981621
1960	8.2242195616104477E-002
1961	0.72495971483466870
1962	93.162269711703971
1963	14.360503299728578
1964	3.9890576637906685
1965	0.85016703049012499
1966	3.0842200755124307
1967	5.9069947520656009E-002
1968	5.6073204294116126
1969	0.18036403817139446
1970	5.2208747575470724
1971	0.16855241106971416
1972	0.79994945245543159
1973	0.14537457307000023
1974	0.33234467122553085
1975	1.1067525589730802
1976	7.9859456679038432E-002
1977	0.96656616826861630
1978	2.6936826909004994
1979	5.7763022359518121
1980	1.7412565440985455
1981	0.21607419308881456
1982	2.3209517621571671
1983	0.30506820842165422
1984	7.0056695831652277E-002
1985	0.67906752827937722
1986	0.14845781055157045
1987	0.26127617903497469
1988	4.2787010935627370
1989	175.83331052811218
1990	0.56941478464349893
1991	3.2745491882078016E-002
1992	0.18468672642991277
1993	161.74529809486404
1994	0.38549994197513276
1995	173.49118371921480
1996	0.38828875423354720
1997	0.39205230302660987
1998	0.13303381961626476
1999	1.0073047018886516
2000	9.0087967297070359E-002
2001	0.23503265927038941
2002	8.4611353824708510E-002
2003	0.19163564828064772
2004	7.7006338147123932E-002
2005	3.4893438264418122
2006	0.17095674906778918
2007	0.21822379389552315
2008	1.9170001854482661
2009	6.2246984350920312E-002
2010	2.4643963407167302
2011	119.64868376894796
2012	144.04771455782478
2013	4.0594498688787315
2014	69.608829568523078
2015	0.35815747417549754
cpt:field=undefined_relodds_N, cpt:nrow=58, cpt:ncol=1, cpt:row=T, cpt:col=station, cpt:missing=-999.00000000000000               
	14.0
cpt:Y	28.308889059999998
cpt:X	-98.557238400000003
1958	2.0033698494248724
1959	2.2772151848678339
1960	1.1891026908244460
1961	2.5649272869851814
1962	4.2211730578435150E-002
1963	0.26738948547265468
1964	0.89147114080510226
1965	2.3859326204612730
1966	1.1204433095039337
1967	0.91024115884435741
1968	0.65561954431228808
1969	1.8754337827599767
1970	0.69997373289646803
1971	1.8180289574536885
1972	2.4870145580722323
1973	1.6247075578220960
1974	2.3133527550889741
1975	2.2071766675846947
1976	1.1735481463872628
1977	2.3589828368804731
1978	1.2520265648684863
1979	0.63816135953717512
1980	1.7298909865958991
1981	2.0713451615064380
1982	1.3835481758123560
1983	2.3280122447521645
1984	1.0343199261531286
1985	2.6001798749424969
1986	1.6389166207895713
1987	2.1105966820770101
1988	0.83608079917400724
1989	2.2454052198243309E-002
1990	2.6235795098573518
1991	0.62575412345635484
1992	1.8347982553780107
1993	2.4389423112642618E-002
1994	2.4719711047747088
1995	2.2748985851017929E-002
1996	2.4236095229439956
1997	2.4366876552557604
1998	1.5269765599846439
1999	2.1438032651901064
2000	1.2363671751118994
2001	2.1320392203747569
2002	1.0285001988989197
2003	1.8957377486367011
2004	1.1334981691915633
2005	1.0081532542136880
2006	1.8497449607630083
2007	2.0491231941663446
2008	1.5661491943269046
2009	0.92701281816673675
2010	1.3184025974771034
2011	3.2905663437628012E-002
2012	2.7383209911007043E-002
2013	0.88274227104096403
2014	5.6312314024518521E-002
2015	2.4388860243824784
cpt:field=undefined_relodds_A, cpt:nrow=58, cpt:ncol=1, cpt:row=T, cpt:col=station, cpt:missing=-999.00000000000000               
	14.0
cpt:Y	28.308889059999998
cpt:X	-98.557238400000003
1958	1.3448544445067583
1959	1.0187495322884867
1960	2.8501158184779967
1961	0.41568908104061314
1962	6.9447641496294136E-004
1963	8.6720090445058743E-003
1964	5.2612086756554800E-002
1965	0.37449775505039440
1966	7.1054944547935525E-002
1967	3.8572115033780405
1968	3.2571117129387588E-002
1969	1.5295110745078555
1970	3.6084921867070546E-002
1971	1.6107908533308053
1972	0.38103537172967183
1973	1.8760199995068205
1974	0.94630052703731615
1975	0.27050117172593419
1976	2.8997135929075895
1977	0.30681246858155536
1978	8.5735779282293589E-002
1979	3.1065950138637360E-002
1980	0.15236240722560493
1981	1.2988874156078731
1982	0.11406759924880035
1983	0.98400210125437138
1984	3.3373668282586566
1985	0.44287940192191921
1986	1.8499625143118372
1987	1.1796688684927905
1988	4.8625661692009839E-002
1989	2.8825657920738710E-004
1990	0.53470213492078622
1991	5.8609227759166656
1992	1.5524160665577778
1993	3.3265325390196155E-004
1994	0.79966477967205518
1995	3.0007501342120915E-004
1996	0.81507418651467312
1997	0.80461194369619393
1998	2.0378717074406119
1999	0.34657984324027258
2000	2.7044917712241903
2001	1.2199068622677924
2002	3.2604493119165316
2003	1.4839686627072177
2004	3.0149024796758508
2005	6.0160847750943942E-002
2006	1.5763316051082374
2007	1.3088280278902202
2008	0.15383520391533970
2009	3.7654570010074595
2010	0.10679007808818483
2011	5.0866638046362519E-004
2012	3.7502601069104645E-004
2013	4.8858736341468638E-002
2014	1.0894306778980744E-003
2015	0.85177856195609303
