xmlns:cpt=http://iri.columbia.edu/CPT/v10/
cpt:nfields=1
cpt:field=Predictor_scores, cpt:nrow=28, cpt:ncol=4, cpt:row=T, cpt:col=index 
	1	2	3	4
1983	3.5841995153981419	0.17182252637800499	-0.18970192248951492	-0.28227090117438058
1984	0.96262009881836519	0.80310310760987513	-0.23210916170191140	0.42417533919544265
1985	1.1448238370338975	0.78288076640512627	-0.77199667380308923	0.24132972606113440
1986	-4.3244426344068279	1.0525710249546836	0.75831841233950614	-9.3722146677430326E-002
1987	-2.3396491221480029	0.29587718214326614	-1.1354378941036551	6.3168304498435218E-002
1988	2.9012680304569778	-0.14096811540834175	-0.14706571245894853	-0.17061051977985831
1989	0.34494792398912172	0.23141902375297760	0.90585640648628685	6.7135194787077107E-002
1990	-2.4106265269473779	0.53608670240085288	1.1980121363130642	5.0394483503045859E-002
1991	-3.0729771956366814	0.49434270513274242	-0.21318419359609780	-0.32804986213159187
1992	-3.4721116771766440	-0.29675465828964148	-1.7872705102176696	0.50919851951071615
1993	-2.3835099567954474	-2.9782753265757758	0.27666299933689797	7.3276096044151362E-002
1994	-1.7156989221793320	0.42703688457948791	-0.32161773119337767	0.84710852920702673
1995	0.63729409897813383	-0.48953017656262987	-0.27422640417820204	0.10334848305614773
1996	-0.82442898730197334	0.45938035550175355	-9.7277750205369121E-002	1.4663448710053801E-002
1997	-2.0976558618567696	-0.10893437329566433	-1.3760138079589630	-0.90192485729482341
1998	3.2184885622754633	0.66183685351265542	-0.59993014855528504	-0.12106949969243591
1999	3.2364011187284247	-8.9822945041836341E-002	0.24934541875449870	0.16157459632890062
2000	2.1566233611453467	-0.11721344851989003	9.0729215506112834E-003	4.2971838381987419E-002
2001	-2.0560879976782904	-2.8724904115406069	0.72472268528112527	0.11859203041191911
2002	-2.5452098917200727	0.90509829577662282	0.40279424721584667	0.20499223026431554
2003	1.5645251396298547	1.2890156946139326	0.38260623619111811	-0.26924022245396090
2004	-2.3253293715228098	0.38989442596303614	0.12774208209874560	-0.24212429127420448
2005	1.8364375992259112	0.25754291982794586	0.52480828106521971	-0.12677539940591137
2006	-0.42403766900140577	0.42640025241455382	0.86395671694244924	0.34296271602921857
2007	2.9005627864646475	0.67661498683863253	0.74392713860589788	-3.7949369795221143E-002
2008	2.7385051078741274	-1.1257673418867662	0.13459499814701892	-1.5937148785941185E-002
2009	-2.9716271847712714	-0.35702818052689700	0.34912406371018412	-0.67848947210100119
2010	5.7366958191245860	-1.2841387301581353	-0.50571283357641472	3.2721545769988265E-003
