xmlns:cpt=http://iri.columbia.edu/CPT/v10/
cpt:nfields=1
cpt:field=eigenvalues, cpt:nrow=9, cpt:ncol=3, cpt:row=mode, cpt:col=index 
Mode	Eigenvalue	% variance	Cum. % variance
1	6.6507559622042232	73.897288468935869	73.897288468935869
2	1.0466621550104638	11.629579500116273	85.526867969052148
3	0.89344971321370059	9.9272190357077914	95.454087004759927
4	0.24640234676812245	2.7378038529791406	98.191890857739054
5	0.11829539628063752	1.3143932920070847	99.506284149746165
6	2.3971787031027300E-002	0.26635318923363688	99.772637338979777
7	1.3322837180218891E-002	0.14803152422465446	99.920668863204440
8	5.9358675362623740E-003	6.5954083736248642E-002	99.986622946940685
9	1.2039347753389060E-003	1.3377053059321188E-002	100.00000000000000
