xmlns:cpt=http://iri.columbia.edu/CPT/v10/
cpt:nfields=1
cpt:field=eigenvalues, cpt:nrow=9, cpt:ncol=3, cpt:row=mode, cpt:col=index 
Mode	Eigenvalue	% variance	Cum. % variance
1	7.3868260649476278	82.075845166084818	82.075845166084818
2	0.98798706304655970	10.977634033850672	93.053479199935481
3	0.39245146502613515	4.3605718336237276	97.414051033559204
4	0.15742584587461719	1.7491760652735258	99.163227098832721
5	4.3749131946094762E-002	0.48610146606771998	99.649328564900443
6	1.6805510495240997E-002	0.18672789439156678	99.836056459292010
7	9.9184771503490581E-003	0.11020530167054517	99.946261760962543
8	3.2615862547041418E-003	3.6239847274490491E-002	99.982501608237030
9	1.5748552586674599E-003	1.7498391762971792E-002	100.00000000000000
