xmlns:cpt=http://iri.columbia.edu/CPT/v10/
cpt:nfields=1
cpt:field=eigenvalues, cpt:nrow=9, cpt:ncol=3, cpt:row=mode, cpt:col=index 
Mode	Eigenvalue	% variance	Cum. % variance
1	7.1585251920876694	79.539168800974167	79.539168800974167
2	1.0705010654130545	11.894456282367280	91.433625083341454
3	0.55937962771264527	6.2153291968071738	97.648954280148615
4	0.13530568177671284	1.5033964641856994	99.152350744334314
5	5.2661096871149539E-002	0.58512329856832868	99.737474042902647
6	1.1701046760256137E-002	0.13001163066951274	99.867485673572162
7	8.0585478021518008E-003	8.9539420023908967E-002	99.957025093596073
8	2.7470058942911657E-003	3.0522287714346310E-002	99.987547381310407
9	1.1207356820638773E-003	1.2452618689598646E-002	100.00000000000000
