xmlns:cpt=http://iri.columbia.edu/CPT/v10/
cpt:nfields=3
cpt:field=undefined_relodds_B, cpt:nrow=58, cpt:ncol=1, cpt:row=T, cpt:col=station, cpt:missing=-999.00000000000000               
	11.0
cpt:Y	28.308889059999998
cpt:X	-98.557238400000003
1958	0.47760391985996059
1959	0.54989122173036353
1960	1.1765471649960937
1961	5.0588940152591775
1962	4.4201316984919545
1963	5.8013444998616874
1964	0.53435683395586353
1965	1.3804719310901419
1966	2.2050661907614213
1967	0.82101780609922648
1968	1.2202544077561541
1969	0.75452559136195663
1970	1.2133497032736196
1971	0.45602421958922651
1972	1.0226441752521651
1973	0.56288875628175494
1974	1.6245233342730943
1975	1.3843612314095339
1976	0.60027729122416063
1977	1.8804870078146414
1978	1.9643353412184243
1979	6.7981041517793033
1980	3.7990247890394633
1981	0.68964568235243928
1982	0.88942970682347389
1983	1.7499920979270760
1984	0.83305254209414648
1985	0.68594492421873421
1986	0.77595851663648052
1987	0.78847913755218058
1988	2.2790711107625645
1989	2.2083036001495859
1990	1.6321177522809616
1991	0.90298730395813664
1992	1.0266175698986146
1993	27.618806119788790
1994	1.0021629063233066
1995	2.6559076543984927
1996	1.0909840715542249
1997	1.0560071550442096
1998	0.92717822077437262
1999	2.5764891244316805
2000	2.2917421935546374
2001	30.554304235460975
2002	0.83156901012595008
2003	0.70621379560135233
2004	1.2090828071601243
2005	1.9682027885394648
2006	1.7408002155540783
2007	1.5541356407978366
2008	6.3106128535297890
2009	2.5087613188381654
2010	6.2833754368810322
2011	1.5283614089305699
2012	1.1925019468322509
2013	0.58864009627608815
2014	2.1433887736470485
2015	0.79530682188580415
cpt:field=undefined_relodds_N, cpt:nrow=58, cpt:ncol=1, cpt:row=T, cpt:col=station, cpt:missing=-999.00000000000000               
	11.0
cpt:Y	28.308889059999998
cpt:X	-98.557238400000003
1958	0.62628714449891643
1959	0.67564009049164531
1960	0.75933760170780196
1961	0.43795207932221381
1962	0.47848346141400944
1963	0.40247511422729054
1964	0.65464460348050857
1965	0.75638147297541602
1966	0.68986448422874469
1967	0.74980013072916296
1968	0.76832066486978057
1969	0.74143011883139942
1970	0.75970524294574704
1971	0.62517688931830562
1972	0.74765191690934130
1973	0.64842712206707687
1974	0.74419388678184217
1975	0.74174195722213809
1976	0.69048344442020004
1977	0.71997338896729168
1978	0.71480715014704388
1979	0.35038806467881317
1980	0.53072338380921724
1981	0.71857668534377295
1982	0.73606850930149248
1983	0.72484092425143798
1984	0.75440404414770235
1985	0.71882436925044491
1986	0.70475984930579716
1987	0.72069027878998027
1988	0.67481682670250898
1989	0.67292192602796153
1990	0.71300803652123967
1991	0.75247058785165855
1992	0.69744060815035580
1993	0.10585117940962020
1994	0.76913075674129305
1995	0.63993236869510794
1996	0.77573910712498828
1997	0.73202017733370328
1998	0.75118554120246439
1999	0.63874765069867223
2000	0.67649486524854918
2001	9.6655724723502562E-002
2002	0.73919938331183921
2003	0.71137302266766889
2004	0.76798117517833631
2005	0.70456092895791034
2006	0.71962212607460674
2007	0.72608093067772050
2008	0.37689288579607866
2009	0.64665358655313876
2010	0.36829325516935207
2011	0.74270860467554689
2012	0.77665541317850806
2013	0.68454812805482357
2014	0.67430420009773939
2015	0.71151646121168288
cpt:field=undefined_relodds_A, cpt:nrow=58, cpt:ncol=1, cpt:row=T, cpt:col=station, cpt:missing=-999.00000000000000               
	11.0
cpt:Y	28.308889059999998
cpt:X	-98.557238400000003
1958	2.6378196847333357
1959	2.2719695861699631
1960	1.0980186138370860
1961	0.23137376446036667
1962	0.26877021559866859
1963	0.19500626685519493
1964	2.3720756407745003
1965	0.92921125422036288
1966	0.56130696755938358
1967	1.5479208401440827
1968	1.0465912163760280
1969	1.6739317267007034
1970	1.0633432578819464
1971	2.7189582033115682
1972	1.2763605034304344
1973	2.3060259598901083
1974	0.78012610765403267
1975	0.94297998271922867
1976	2.1026446136798818
1977	0.66915979487014998
1978	0.63573636427684865
1979	0.16977399755911599
1980	0.31260244695404765
1981	1.8407726958748072
1982	1.4671296391052591
1983	0.72971306182450546
1984	1.5215123812210194
1985	1.8478481435008849
1986	1.7030799622096255
1987	1.6519302570189218
1988	0.54811448359940584
1989	0.57564577635520642
1990	0.80832635439728429
1991	1.4221110001445390
1992	1.3458649514766252
1993	3.5125028166159117E-002
1994	1.2702965884575252
1995	0.46049960069763229
1996	1.1624150203497692
1997	1.2600248530216922
1998	1.3910444055626523
1999	0.48432245871272805
2000	0.54212680901382915
2001	3.1149419408331627E-002
2002	1.5490098103786671
2003	1.8217064464948549
2004	1.0570723387902514
2005	0.64374737747404864
2006	0.73988083790841119
2007	0.84243794699841967
2008	0.17886469035629177
2009	0.49766484375454939
2010	0.18803413325235804
2011	0.84107662491515012
2012	1.0616568903057706
2013	2.1460295804993326
2014	0.59927528120601747
2015	1.6568392816856510
