xmlns:cpt=http://iri.columbia.edu/CPT/v10/
cpt:nfields=1
cpt:field=X_loadings, cpt:nrow=9, cpt:ncol=4, cpt:row=station, cpt:col=mode 
Station	Latitude	Longitude	1	2	3	4
prec_1	29.301359999999999	-101.25000000000000	-0.35114282012386067	-0.29628426545058317	0.18888696955217454	4.5325254907943618E-002
prec_2	29.301359999999999	-98.437500000000000	-0.35725110689071282	-0.14208421883428596	7.7639952541021268E-002	0.68776987053129135
prec_3	26.510770000000001	-101.25000000000000	-0.34546953035650840	-0.19747333129069322	0.27964750597427351	-0.62574590890682491
prec_4	26.510770000000001	-98.437500000000000	-0.29161765249776911	-0.46557566569658537	0.35788598252954235	7.0700373477624562E-002
st_1	29.301359999999999	-101.25000000000000	0.36915149537885572	-0.19145525478047742	0.24600108891918651	-3.5447970200368592E-002
st_2	29.301359999999999	-98.437500000000000	0.35938695843018331	-0.21480259984110325	0.30054409389330811	-0.17771652465855803
st_3	26.510770000000001	-101.25000000000000	0.36676626377780364	-0.21315793357232338	0.20593022871398609	0.24951178749337380
st_4	26.510770000000001	-98.437500000000000	0.36969844806155744	-0.19244068591359875	0.22871109679618476	0.16039565610541445
14.0	28.308889059999998	-98.557238400000003	-8.9744457616995482E-002	0.68629898588262717	0.71165253698316355	8.6828110711506520E-002
