xmlns:cpt=http://iri.columbia.edu/CPT/v10/
cpt:nfields=1
cpt:field=X_loadings, cpt:nrow=9, cpt:ncol=4, cpt:row=station, cpt:col=mode 
Station	Latitude	Longitude	1	2	3	4
prec_1	29.301359999999999	-101.25000000000000	-0.34289441361406969	7.1543519626695445E-002	0.55204505115422964	0.22561533650354756
prec_2	29.301359999999999	-98.437500000000000	-0.35271489124043931	0.15358388991157135	0.14176834020584006	0.71306422683030568
prec_3	26.510770000000001	-101.25000000000000	-0.34950324360268459	-1.7404772058440744E-002	0.43828593589620535	-0.60137462641557815
prec_4	26.510770000000001	-98.437500000000000	-0.35576634540687596	9.8456320544737436E-002	0.17565081980938219	-0.20853745914276406
st_1	29.301359999999999	-101.25000000000000	0.36152339470615275	4.6275484949703620E-002	0.22855069218913115	-3.4955606588715049E-002
st_2	29.301359999999999	-98.437500000000000	0.35712558417943568	3.8055593426709659E-002	0.33540194234380893	-1.3150713252753354E-002
st_3	26.510770000000001	-101.25000000000000	0.35459629286354799	0.11082779753964543	0.32739831834416577	8.1165176943006304E-002
st_4	26.510770000000001	-98.437500000000000	0.35400131400021290	0.10831998317971181	0.38533803384796006	9.3235339240386517E-002
10.0	28.308889059999998	-98.557238400000003	-3.2829062524376493E-004	0.96627701631132179	-0.17831232737742539	-0.13719462476566630
