xmlns:cpt=http://iri.columbia.edu/CPT/v10/
cpt:nfields=3
cpt:field=undefined_relodds_B, cpt:nrow=28, cpt:ncol=1, cpt:row=T, cpt:col=station, cpt:missing=-999.00000000000000               
	12.0
cpt:Y	28.308889059999998
cpt:X	-98.557238400000003
1983	1.3595222981767874
1984	0.53720237417477146
1985	9.5808966898602632E-002
1986	0.19768023233439988
1987	1.0936876402757600
1988	2.6110300773018080
1989	1.0933998483902745
1990	0.87215798686889268
1991	0.20481818210153535
1992	1.6931677278755175
1993	135.64539501404454
1994	0.24583372780613372
1995	1.4010731259046048
1996	0.34389668317187561
1997	0.67594640644539528
1998	0.53261931364948145
1999	4.4721547576809080
2000	0.16432841695822695
2001	0.16568607377205263
2002	0.18159914272210459
2003	0.62263074256970141
2004	0.22471940545653804
2005	6.5617474310081336
2006	3.7148088680310312
2007	0.38353429184293419
2008	34.718032548392017
2009	0.38358679688482583
2010	711.56724299605355
cpt:field=undefined_relodds_N, cpt:nrow=28, cpt:ncol=1, cpt:row=T, cpt:col=station, cpt:missing=-999.00000000000000               
	12.0
cpt:Y	28.308889059999998
cpt:X	-98.557238400000003
1983	1.7296977118769363
1984	2.0414882737136471
1985	0.89104787904104776
1986	1.3496870404098491
1987	1.8984656573843244
1988	1.1242779074501725
1989	1.9175887303803225
1990	1.9876069171641275
1991	1.3464363702927313
1992	1.5554620925542679
1993	2.7840553817762400E-002
1994	1.5284047687260602
1995	1.7019650983702705
1996	1.8171358351835230
1997	2.0637936822482117
1998	1.8116384487150177
1999	0.74814659335194122
2000	1.2500968680386413
2001	1.2775984831671920
2002	1.3346952926072233
2003	2.0856802852014509
2004	1.5027351510864029
2005	0.53685342528734559
2006	0.87846388540310605
2007	1.8500772165579726
2008	0.10849865534984798
2009	1.7969558031554815
2010	5.3625680791342329E-003
cpt:field=undefined_relodds_A, cpt:nrow=28, cpt:ncol=1, cpt:row=T, cpt:col=station, cpt:missing=-999.00000000000000               
	12.0
cpt:Y	28.308889059999998
cpt:X	-98.557238400000003
1983	0.30297799180639223
1984	0.78993336372287515
1985	3.6509328810315798
1986	2.0577927627019541
1987	0.37953605838986798
1988	0.15957179876996863
1989	0.37263666581973653
1990	0.49343750547207188
1991	2.0384049396103432
1992	0.23228066600020908
1993	1.6031380093448737E-003
1994	1.6857273777999102
1995	0.29437601005316372
1996	1.2114739058082737
1997	0.63002202050438028
1998	0.91717412476493543
1999	7.6367362219529888E-002
2000	2.3425437671538578
2001	2.2890635781758029
2002	2.1366214389450868
2003	0.67418155155678594
2004	1.7733865597912049
2005	4.4938334366598554E-002
2006	9.3765081386709803E-002
2007	1.1179854554873561
2008	6.0409346198748081E-003
2009	1.1536258894895566
2010	2.5744365992170728E-004
