xmlns:cpt=http://iri.columbia.edu/CPT/v10/
cpt:nfields=1
cpt:field=eigenvalues, cpt:nrow=9, cpt:ncol=3, cpt:row=mode, cpt:col=index 
Mode	Eigenvalue	% variance	Cum. % variance
1	6.9305662726895951	77.006291918773243	77.006291918773243
2	1.0265689496741415	11.406321663046011	88.412613581819258
3	0.74523947569048321	8.2804386187831422	96.693052200602395
4	0.13529260108563379	1.5032511231737082	98.196303323776121
5	7.4404594055568235E-002	0.82671771172853559	99.023021035504655
6	3.7295569854033761E-002	0.41439522060037498	99.437416256105038
7	2.4819856550749021E-002	0.27577618389721126	99.713192440002260
8	2.2349989461182058E-002	0.24833321623535612	99.961525656237598
9	3.4626909386159667E-003	3.8474343762399610E-002	100.00000000000000
