xmlns:cpt=http://iri.columbia.edu/CPT/v10/
cpt:nfields=3
cpt:field=undefined_prob_B, cpt:nrow=28, cpt:ncol=1, cpt:row=T, cpt:col=station, cpt:units=%, cpt:missing=-999.00000000000000               
	12.0
cpt:Y	28.308889059999998
cpt:X	-98.557238400000003
1983	35.949709634003426
1984	27.738121620021715
1985	11.800590945322980
1986	10.299996909395688
1987	19.573871964797405
1988	47.667147476280689
1989	43.477398751438258
1990	29.094968480874186
1991	16.269146712489530
1992	14.439624496531749
1993	97.734389264679706
1994	22.449020264974095
1995	23.365382432711016
1996	11.369782637759428
1997	39.058097369612341
1998	26.766002049073109
1999	68.585799601824149
2000	16.042103089346767
2001	5.1635098422298000
2002	7.0050783153124598
2003	16.607412157952822
2004	12.344760919082049
2005	53.052055074961117
2006	83.688362975465012
2007	40.041351442047521
2008	92.052747185157557
2009	38.701895542696050
2010	99.596154685252912
cpt:field=undefined_prob_N, cpt:nrow=28, cpt:ncol=1, cpt:row=T, cpt:col=station, cpt:units=%, cpt:missing=-999.00000000000000               
	12.0
cpt:Y	28.308889059999998
cpt:X	-98.557238400000003
1983	46.023465447251795
1984	47.636846639320268
1985	40.503120864425554
1986	39.349976487807851
1987	46.740478477105768
1988	39.900628049896234
1989	43.351517024251905
1990	45.769258581922145
1991	42.637605654992996
1992	39.897780943298777
1993	2.0880590142780378
1994	47.184245630318927
1995	47.114002250331822
1996	41.232724183804343
1997	43.436814364704944
1998	46.472717994698847
1999	26.764550409978689
2000	45.218477925066203
2001	28.981149773737471
2002	31.930307734732857
2003	45.757080241368719
2004	41.076214961433422
2005	37.025408548008485
2006	14.727144393579291
2007	43.752690826995469
2008	7.3187498949780281
2009	44.454637219220416
2010	0.37910304852654075
cpt:field=undefined_prob_A, cpt:nrow=28, cpt:ncol=1, cpt:row=T, cpt:col=station, cpt:units=%, cpt:missing=-999.00000000000000               
	12.0
cpt:Y	28.308889059999998
cpt:X	-98.557238400000003
1983	18.026824918744776
1984	24.625031740658017
1985	47.696288190251465
1986	50.350026602796461
1987	33.685649558096827
1988	12.432224473823076
1989	13.171084224309840
1990	25.135772937203672
1991	41.093247632517475
1992	45.662594560169474
1993	0.17755172104225839
1994	30.366734104706982
1995	29.520615316957162
1996	47.397493178436228
1997	17.505088265682716
1998	26.761279956228044
1999	4.6496499881971634
2000	38.739418985587029
2001	65.855340384032729
2002	61.064613949954683
2003	37.635507600678459
2004	46.579024119484529
2005	9.9225363770303989
2006	1.5844926309556948
2007	16.205957730957010
2008	0.62850291986440809
2009	16.843467238083537
2010	2.4742266220542958E-002
