xmlns:cpt=http://iri.columbia.edu/CPT/v10/
cpt:nfields=3
cpt:field=undefined_prob_B, cpt:nrow=58, cpt:ncol=1, cpt:row=T, cpt:col=station, cpt:units=%, cpt:missing=-999.00000000000000               
	13.0
cpt:Y	28.308889059999998
cpt:X	-98.557238400000003
1958	4.4376652713434481
1959	8.1356008286721959
1960	4.5392161045027137
1961	19.724117381153278
1962	54.510647668905733
1963	35.450731646308768
1964	52.432357992398835
1965	16.907418086266730
1966	79.800340912726440
1967	18.985258642925345
1968	64.168977188379927
1969	3.4606810328816380
1970	61.779427839381427
1971	4.1472719220708427
1972	37.665302585939685
1973	3.5200981045617823
1974	5.0813058324306013
1975	34.470277293152506
1976	1.7338788399754606
1977	15.061054363675424
1978	62.564975897647081
1979	75.930745567988154
1980	54.461941541872953
1981	6.3025789869361546
1982	43.158940667802526
1983	50.505107356241062
1984	37.427198677882686
1985	8.2007204462026095
1986	4.0521152138730656
1987	5.9378479151999954
1988	70.346377506287212
1989	92.090572506938472
1990	22.302518775948215
1991	2.6842908516201476
1992	16.184887426108347
1993	99.329533567028875
1994	12.274961156851333
1995	40.482480249775712
1996	5.9402202210099375
1997	14.209901951889520
1998	2.7441618278145086
1999	27.525300853727373
2000	5.1413331874478985
2001	5.4570498666426204
2002	5.7787998697138079
2003	8.1075686613439188
2004	1.9435201667548796
2005	58.550930467553577
2006	29.537740507072968
2007	4.7165959096642354
2008	66.164383192629373
2009	54.492797620845970
2010	98.333488124735823
2011	98.612534164143000
2012	84.420242471200908
2013	56.347480751210817
2014	99.298817489875333
2015	10.054288129872262
cpt:field=undefined_prob_N, cpt:nrow=58, cpt:ncol=1, cpt:row=T, cpt:col=station, cpt:units=%, cpt:missing=-999.00000000000000               
	13.0
cpt:Y	28.308889059999998
cpt:X	-98.557238400000003
1958	42.130959185452141
1959	51.396011724247508
1960	41.549355552452447
1961	59.182137604259360
1962	41.300421213837510
1963	53.533668662654129
1964	42.944970282963922
1965	58.217423461518251
1966	19.393231029856818
1967	58.746686569414734
1968	33.401591158229387
1969	37.887660388786038
1970	35.170502763829546
1971	41.202789788445301
1972	51.503581503487432
1973	37.887391441762524
1974	43.753480192947187
1975	54.501016433027161
1976	27.078873425820930
1977	57.998152984882033
1978	34.693007693561796
1979	22.964077193078460
1980	41.448188108063867
1981	46.530143550483821
1982	49.587444395417855
1983	44.361710898375186
1984	52.694116481348274
1985	51.165036132255722
1986	40.677413406646913
1987	44.111300615893519
1988	27.712171724214599
1989	7.7258750392121405
1990	58.139850598239128
1991	34.700990434072089
1992	55.397901495437999
1993	0.66210369030683991
1994	55.105977976866470
1995	51.292364802580451
1996	46.681427046787377
1997	53.651952922161009
1998	31.064294594665967
1999	55.701341729583547
2000	43.705609854777002
2001	38.804827535519301
2002	46.384507809724589
2003	51.607803587564149
2004	29.204923344794764
2005	37.646905779440132
2006	57.336652507665228
2007	42.442813322244277
2008	31.661690344377661
2009	41.357341931749822
2010	1.6437008497299277
2011	1.3708945852288648
2012	15.042630907199252
2013	39.888163402080671
2014	0.69441581938935837
2015	49.042979321970627
cpt:field=undefined_prob_A, cpt:nrow=58, cpt:ncol=1, cpt:row=T, cpt:col=station, cpt:units=%, cpt:missing=-999.00000000000000               
	13.0
cpt:Y	28.308889059999998
cpt:X	-98.557238400000003
1958	53.431375543204410
1959	40.468387447080296
1960	53.911428343044840
1961	21.093745014587363
1962	4.1889311172567538
1963	11.015599691037101
1964	4.6226717246372448
1965	24.875158452215018
1966	0.80642805741674406
1967	22.268054787659921
1968	2.4294316533906954
1969	58.651658578332324
1970	3.0500693967890289
1971	54.649938289483856
1972	10.831115910572885
1973	58.592510453675693
1974	51.165213974622212
1975	11.028706273820330
1976	71.187247734203609
1977	26.940792651442543
1978	2.7420164087911267
1979	1.1051772389333880
1980	4.0898703500631814
1981	47.167277462580024
1982	7.2536149367796208
1983	5.1331817453837489
1984	9.8786848407690417
1985	40.634243421541669
1986	55.270471379480021
1987	49.950851468906485
1988	1.9414507694981955
1989	0.18355245384938254
1990	19.557630625812656
1991	62.614718714307763
1992	28.417211078453654
1993	8.3627426642779602E-003
1994	32.619060866282197
1995	8.2251549476438388
1996	47.378352732202686
1997	32.138145125949471
1998	66.191543577519525
1999	16.773357416689077
2000	51.153056957775100
2001	55.738122597838078
2002	47.836692320561603
2003	40.284627751091932
2004	68.851556488450356
2005	3.8021637530062908
2006	13.125606985261804
2007	52.840590768091488
2008	2.1739264629929664
2009	4.1498604474042082
2010	2.2811025534243475E-002
2011	1.6571250628130058E-002
2012	0.53712662159984703
2013	3.7643558467085123
2014	6.7666907353026154E-003
2015	40.902732548157111
