xmlns:cpt=http://iri.columbia.edu/CPT/v10/
cpt:nfields=1
cpt:field=X_loadings, cpt:nrow=9, cpt:ncol=4, cpt:row=station, cpt:col=mode 
Station	Latitude	Longitude	1	2	3	4
prec_1	29.301359999999999	-101.25000000000000	-0.32934735236670476	0.45594094789119632	0.10853966389159414	0.10177667223987723
prec_2	29.301359999999999	-98.437500000000000	-0.33260759075759749	0.36371688325789675	8.1699832832623137E-002	0.69818534124196563
prec_3	26.510770000000001	-101.25000000000000	-0.35426222310689887	0.26349413930728394	3.7210642306101688E-002	-0.57695748474896436
prec_4	26.510770000000001	-98.437500000000000	-0.34619755539398639	0.33517417114405990	8.0967427042136580E-002	-0.32579102055294956
st_1	29.301359999999999	-101.25000000000000	0.36191516147210190	0.29115841265135289	0.17485338523784724	-0.11247756545395916
st_2	29.301359999999999	-98.437500000000000	0.36012589768542524	0.29189221661971565	0.16671126054303242	-0.19171632940869185
st_3	26.510770000000001	-101.25000000000000	0.36025553828623097	0.30640754875586618	0.12904084669038587	8.4418794233336189E-002
st_4	26.510770000000001	-98.437500000000000	0.35941517840505965	0.33044934270815002	0.14599899886361950	8.0870922970325776E-002
12.0	28.308889059999998	-98.557238400000003	-0.12614068478131624	-0.32403757962031376	0.93662709977345415	9.2745505313653904E-003
