xmlns:cpt=http://iri.columbia.edu/CPT/v10/
cpt:nfields=3
cpt:field=undefined_relodds_B, cpt:nrow=58, cpt:ncol=1, cpt:row=T, cpt:col=station, cpt:missing=-999.00000000000000               
	10.0
cpt:Y	28.308889059999998
cpt:X	-98.557238400000003
1958	1.1842905072956889
1959	1.2468882152320733
1960	1.4785303295385683
1961	1.5174517319877803
1962	1.7602174751693649
1963	1.9656585073311110
1964	1.0917042190953841
1965	1.3073163552060920
1966	1.4584606410194831
1967	0.94296957197985842
1968	1.7614859087800336
1969	1.6967921675791584
1970	1.3392143540538337
1971	0.98405166863603866
1972	1.3268184919038930
1973	1.4061908648623538
1974	1.2632858385993968
1975	1.2718970784847228
1976	1.0816205186423644
1977	1.8006255056711378
1978	1.4799980715943577
1979	1.6923756282849240
1980	1.8574394354002368
1981	1.0910107230651485
1982	1.3189372727485300
1983	1.6734623304709715
1984	3.3764269597397516
1985	1.4867050266908881
1986	1.3988831165524764
1987	1.1753569391142689
1988	1.5200420773102308
1989	2.2118588642322865
1990	1.5901602432367512
1991	1.2593424741455053
1992	1.2643109579062017
1993	2.1809072595340702
1994	1.9898214957423295
1995	1.9025374001575370
1996	1.5994867895400453
1997	1.1891451351997686
1998	1.5729426178184458
1999	1.8709640917980859
2000	2.1694205690363573
2001	1.4780224109583786
2002	1.1470114238503766
2003	1.9959514728322374
2004	1.0885948256753117
2005	3.8520059233861987
2006	2.0322786006975395
2007	1.9287202946446314
2008	1.6705121884214094
2009	3.5232192403189986
2010	3.1116498081156378
2011	4.7827877416699254
2012	2.8936235522102898
2013	2.6461189913868268
2014	4.0264439015517555
2015	1.5397731216706527
cpt:field=undefined_relodds_N, cpt:nrow=58, cpt:ncol=1, cpt:row=T, cpt:col=station, cpt:missing=-999.00000000000000               
	10.0
cpt:Y	28.308889059999998
cpt:X	-98.557238400000003
1958	0.49166907232908968
1959	0.49296440807103054
1960	0.49517281515083750
1961	0.49345429034345051
1962	0.48855551694262239
1963	0.47916933784002341
1964	0.48196540309387526
1965	0.49419002568821796
1966	0.49291167968848099
1967	0.46703461173612848
1968	0.48653254979338523
1969	0.48979126638854564
1970	0.49559101487243507
1971	0.47056790156142342
1972	0.49370614404556051
1973	0.49475347995751096
1974	0.49325841773926399
1975	0.49477953861676172
1976	0.48539233650917485
1977	0.48149123801033578
1978	0.49609195325246808
1979	0.48945106329063631
1980	0.48278845757935923
1981	0.48611925129009553
1982	0.48029364318673873
1983	0.49055666534390091
1984	0.38951094375594963
1985	0.49553669978306442
1986	0.47534758342057315
1987	0.48416327217770450
1988	0.49270886907093298
1989	0.46456809794909359
1990	0.49414575153735785
1991	0.49441450859091335
1992	0.49294108063300790
1993	0.46088345525343005
1994	0.47312432000548416
1995	0.47373334032840153
1996	0.49262006499745187
1997	0.45226315337433370
1998	0.48363165065680458
1999	0.46776802980888849
2000	0.46489296357592952
2001	0.49382815927660650
2002	0.48914233799344475
2003	0.47500171939438462
2004	0.48209939692673287
2005	0.36524740831210389
2006	0.47461675572686651
2007	0.47360320395424699
2008	0.48632064366581940
2009	0.37938844343943817
2010	0.40220287613489997
2011	0.31939260048709800
2012	0.42272590949938038
2013	0.43367710826430261
2014	0.35196858885823451
2015	0.46452767659202954
cpt:field=undefined_relodds_A, cpt:nrow=58, cpt:ncol=1, cpt:row=T, cpt:col=station, cpt:missing=-999.00000000000000               
	10.0
cpt:Y	28.308889059999998
cpt:X	-98.557238400000003
1958	1.5134454760058274
1959	1.4377973195508931
1960	1.2077146609758380
1961	1.1781019693050678
1962	1.0100681052668070
1963	0.90297536363263453
1964	1.6543391129237248
1965	1.3703136384134855
1966	1.2287575206948849
1967	1.9236887291368669
1968	1.0122191972403340
1969	1.0501278229906117
1970	1.3353158923223871
1971	1.8443806544370664
1972	1.3511732201619475
1973	1.2725113863344519
1974	1.4190508481271726
1975	1.4068080455677081
1976	1.6610665435576306
1977	0.99489138466735838
1978	1.2049509831093905
1979	1.0536526674478648
1980	0.95868723102140763
1981	1.6463359541696387
1982	1.3838580990805478
1983	1.0650345875827201
1984	0.52839904060670373
1985	1.2001959363334516
1986	1.3134302701662459
1987	1.5395129797792551
1988	1.1772004739500179
1989	0.80249787993533994
1990	1.1199104266248832
1991	1.4212132177121675
1992	1.4185227977790129
1993	0.82119810213609690
1994	0.89842149638680635
1995	0.94542855024260830
1996	1.1152809909240868
1997	1.5887343661349593
1998	1.1497803558639057
1999	0.97228095531808967
2000	0.82118173364566160
2001	1.2103723262860844
2002	1.5651462624052386
2003	0.89262639656457399
2004	1.6584016133926380
2005	0.46105581527758549
2006	0.87440336014274211
2007	0.93086987050697312
2008	1.0735401092712522
2009	0.50833954157163896
2010	0.57676258513373047
2011	0.37292605496505665
2012	0.61168723330298791
2013	0.67475695658153412
2014	0.44565200774493269
2015	1.2078141581116790
