xmlns:cpt=http://iri.columbia.edu/CPT/v10/
cpt:nfields=1
cpt:field=Predictor_scores, cpt:nrow=58, cpt:ncol=4, cpt:row=T, cpt:col=index 
	1	2	3	4
1958	-0.58994143313113945	1.0657183440980138	0.11795730451241958	-0.22241851550482528
1959	1.7956220009192305	0.62203987356129509	0.55759849877465106	7.5356663865114928E-002
1960	-7.8237171700649977E-004	0.29466645399114583	1.0134236491336193	0.21860428810322816
1961	2.5791035731058125	-3.9178317436225019E-002	-0.72354282995829777	-0.29972345989022853
1962	0.93726112938152395	0.66346529092758977	0.16759214890192919	8.0925127098025740E-002
1963	-2.2947556245700991	-0.82846001523576751	-2.5188850039048036	5.6591485995888258E-004
1964	2.5577677453963337	1.0431364804233065	-9.0348110379880664E-002	-9.8501877999001786E-002
1965	-3.9376265337787184	0.16394732809406362	-0.13128997645560578	-0.88159942079855003
1966	1.7146848380742852	0.16273898632320810	-0.49602756679362148	0.24437174753008936
1967	-2.0290495175416794	-0.72083760405525110	1.5165103041862822	0.11423157687632975
1968	-1.2489659668955049	-4.8682435643068664E-002	-0.31747736638622925	-0.12082708099932689
1969	0.92880164640599694	1.8457850055399385	-0.32706370770528315	-6.5961347053856700E-002
1970	2.1470837041111275	-9.3953609770364710E-003	-0.69828819417584875	-1.8141742318417295E-002
1971	9.9444782244976646E-002	-4.7211935264297566E-002	1.0675409263643010	0.16108229702569837
1972	-0.45429266334109808	2.3248738995628191	-0.81879073087700904	-0.27164443112801950
1973	5.0091276893843322	0.50344001035182773	1.0064427228899500	0.27536180627673934
1974	1.3166281907519417	1.0320265056974920	0.31554890354523196	0.32921236333407172
1975	4.2450493931709481	-0.39144157695869841	0.26267261787633556	-9.6377430367075564E-002
1976	-4.1721232382829383	0.38215647444893475	0.63103255328831920	-0.80920603544888836
1977	0.84902465002902272	0.65792361706601532	-0.73183885951154137	0.40903865911024828
1978	0.14161405239484598	0.97995991896489387	-1.1724659634179260	0.66054543698787171
1979	0.76251872939635867	0.55317758122227956	-1.4072301532022697	0.53175813398328131
1980	-1.6690538772189600	-0.33594611753755571	-0.69132009378147474	-0.43865094301744034
1981	-1.4416016869702943	1.0878016760715465	-0.11157937375607530	-3.9705366565169840E-002
1982	-1.8393580951429294	0.62928409410857578	-0.90094136107017353	-0.32708832126994558
1983	3.2030289416857038	0.39256646888215663	-0.74796609618346288	0.29678857172974871
1984	1.3168742469283854	-0.25229052052418105	1.2003899025386526	0.16736580218325242
1985	-1.2209123459047562	-0.68536752364490494	0.49169368868038371	0.15999543363511329
1986	-4.8828914233149350	-8.9606659527452504E-002	0.78955646830293602	0.10569484417292828
1987	-0.46266732877792988	0.97175500446933993	0.14484984436903098	-0.19536727474959709
1988	4.2620535430460080	-0.21018537299140605	-0.16382517325926349	-0.44684080443005958
1989	-1.6877846188934358	-2.9904079554655540	-0.99843099443204641	7.9540341194073994E-002
1990	-3.5654793017101492	-0.75955944775436479	1.2417410830922841	1.2813531933766600
1991	-5.3393033887732217	-0.64877797936003423	1.5673933943080882	-1.1268232716818765
1992	-3.5409721779860233	0.96204406129691167	8.1770584077638486E-002	1.0104933579197330
1993	-1.9959290929352020	-1.5404479963285767	-1.9257705677807637	0.43828288571157875
1994	-1.0113768539025487	1.0829037444368435	-0.85061978343012090	-3.1429244779106330E-002
1995	0.94328013180732984	-1.6110124426941459	-1.7439542728745863	-0.35436630793415735
1996	-3.2590932945018225	-1.7097418530637327	1.2392044445172636	-0.11927476215605474
1997	-1.4393501530585322	0.94076984053435875	-0.90906891156070702	-1.2607412807384444
1998	3.1440296981580684	-0.57466986211081084	1.6512973301944387	6.7265875317326224E-003
1999	3.1690802073926272	-1.3589791641434759	1.1505404415709326	-0.25912396845182084
2000	0.93179944334790399	-0.56610188225081148	1.3710668496535523	-0.27933223655895884
2001	0.32419221453487662	0.99918485294550474	0.16314591704304415	0.51522941087138396
2002	-1.3147627470745518	0.64690614491828435	0.32393143202118291	-0.38028255500735675
2003	1.7354182102213769	1.5826943954018484	1.0210755230944057E-002	0.17630784888888645
2004	-0.82840563929401745	0.72139026160225983	0.71504671767094052	0.54068927131369504
2005	-0.35326388566289268	-0.84791861819041581	-0.21087730037638380	0.25564510517651923
2006	-0.36616407681990631	1.0820475516692214	-0.34984639047460436	-4.3288300940962358E-002
2007	1.7863693791088260	-3.6458429442856155E-002	0.97807342364365379	-0.22555311564178407
2008	3.9488708840916145	-0.55641895440225797	-0.35343236192144767	-2.9587765965830432E-003
2009	-2.0901827832414011	-0.52250861300390061	1.5193827132348450	0.49934536745737895
2010	5.0296775100647704	-1.4481315958778813	0.94540767020136596	-0.51357998231677104
2011	4.7813684818057363	-2.3228130622262220	-0.97564569976117155	-0.42285255585077797
2012	-0.54435984340486954	0.21894646123882716	0.21935789692432259	0.14013239864020946
2013	9.4023591637459061E-002	-0.55300264884633354	-0.35576336697307631	0.17828525695138203
2014	-2.6974504650453315	-2.6675497058813695	-1.1557675483280263	0.68035674585477179
2015	-3.4758981797062036	0.75975332299078036	-0.58232242801729706	-0.28162602746440474
