STN,02.0
LAT,32.93297778
LON,-99.2153889
1958 2.55724
1959 1.74748
1960 4.11415
1961 4.10759
1962 3.42427
1963 3.23475
1964 4.08598
1965 2.18943
1966 3.00072
1967 2.24603
1968 4.56435
1969 3.25425
1970 4.03247
1971 2.40695
1972 4.25986
1973 5.47814
1974 2.98569
1975 5.88583
1976 3.16969
1977 3.7281
1978 3.49043
1979 3.54962
1980 3.25425
1981 4.19268
1982 3.90802
1983 4.73708
1984 3.34639
1985 6.08313
1986 3.37417
1987 6.66505
1988 3.96841
1989 4.59411
1990 3.20275
1991 4.61413
1992 8.3589
1993 4.46935
1994 5.18683
1995 3.54386
1996 3.33933
1997 5.67332
1998 3.76584
1999 3.23475
2000 2.1017
2001 5.42715
2002 3.17388
2003 2.8792
2004 2.69463
2005 4.43201
2006 2.65325
2007 2.58022
2008 3.75887
2009 2.3224
2010 5.19518
2011 3.64022
2012 2.41592
2013 2.11867
2014 2.38877
2015 2.1541
