STN,05.0
LAT,32.93297778
LON,-99.2153889
1958 5.13639
1959 5.8933
1960 1.58926
1961 3.69635
1962 2.93917
1963 5.96178
1964 2.37025
1965 7.19818
1966 6.39493
1967 2.98062
1968 5.10595
1969 7.4793
1970 4.74667
1971 5.26889
1972 4.33729
1973 4.11415
1974 2.37025
1975 5.6907
1976 3.68387
1977 5.39907
1978 3.50255
1979 5.79484
1980 5.28928
1981 5.41965
1982 7.56372
1983 5.12396
1984 1.64096
1985 5.69776
1986 3.5863
1987 6.88776
1988 3.97218
1989 4.00004
1990 7.57712
1991 6.08677
1992 5.66712
1993 5.1475
1994 6.70564
1995 3.86283
1996 3.26576
1997 5.60138
1998 2.33215
1999 3.99453
2000 1.61544
2001 4.66721
2002 5.13403
2003 2.7213
2004 3.98528
2005 4.08598
2006 5.81711
2007 6.80306
2008 5.48147
2009 3.96841
2010 4.94663
2011 1.73521
2012 0.39211
2013 -0.340942
2014 2.03863
2015 7.24993
