STN,00.0
LAT,30.7512899
LON,-98.6697599
1958 5.89192
1959 5.47814
1960 5.51141
1961 6.27871
1962 5.30331
1963 4.71043
1964 4.54648
1965 5.24333
1966 4.86368
1967 4.75187
1968 4.70502
1969 5.09436
1970 6.22396
1971 4.97397
1972 6.03572
1973 5.09498
1974 5.67298
1975 6.29416
1976 5.4566
1977 5.70844
1978 5.18347
1979 5.13403
1980 4.94307
1981 5.40493
1982 5.5549
1983 5.11979
1984 4.35414
1985 7.39879
1986 4.93375
1987 6.72203
1988 5.72391
1989 5.23804
1990 5.25437
1991 5.28422
1992 8.06432
1993 5.91539
1994 5.06386
1995 5.71538
1996 4.91413
1997 5.88527
1998 5.63515
1999 5.60027
2000 4.95512
2001 6.30846
2002 5.74812
2003 5.43851
2004 5.06133
2005 6.06309
2006 4.88583
2007 4.60016
2008 5.42627
2009 4.63957
2010 5.21765
2011 4.67842
2012 4.85437
2013 4.00552
2014 4.79662
2015 4.14472
