STN,10.0
LAT,30.7512899
LON,-98.6697599
1958 5.79118
1959 7.43011
1960 5.76142
1961 5.32008
1962 4.48976
1963 4.13677
1964 6.10077
1965 4.59411
1966 5.1924
1967 4.21804
1968 4.49759
1969 8.06934
1970 4.94876
1971 7.40062
1972 5.16479
1973 8.21609
1974 6.45268
1975 5.55567
1976 5.8545
1977 5.10413
1978 5.12158
1979 4.54117
1980 6.05655
1981 7.75705
1982 4.56226
1983 4.09101
1984 5.32447
1985 7.10579
1986 7.18841
1987 5.79818
1988 5.05752
1989 4.68306
1990 5.54479
1991 5.40941
1992 5.24492
1993 4.91998
1994 5.32545
1995 5.10716
1996 7.93595
1997 5.51826
1998 5.57481
1999 4.54117
2000 7.44542
2001 5.04084
2002 5.4476
2003 6.12271
2004 5.15502
2005 4.6747
2006 4.55598
2007 5.65879
2008 4.59512
2009 5.59545
2010 4.32281
2011 4.85359
2012 4.12066
2013 5.23697
2014 4.15888
2015 4.64823
