STN,14.0
LAT,30.7512899
LON,-98.6697599
1958 5.32933
1959 6.21381
1960 6.76296
1961 5.06133
1962 4.65586
1963 5.08451
1964 6.66797
1965 4.71761
1966 4.63861
1967 6.21461
1968 4.90602
1969 6.28058
1970 4.90231
1971 5.53852
1972 5.72913
1973 5.22252
1974 6.89224
1975 5.31959
1976 5.79301
1977 5.23538
1978 5.77734
1979 4.92725
1980 5.1162
1981 5.40896
1982 5.47897
1983 4.55388
1984 6.0469
1985 6.17274
1986 6.22297
1987 5.55102
1988 5.82571
1989 5.36691
1990 5.24122
1991 8.23058
1992 6.08153
1993 5.26321
1994 5.24228
1995 4.67656
1996 7.76175
1997 5.75638
1998 5.25018
1999 4.88356
2000 6.45284
2001 5.62798
2002 5.4112
2003 4.99043
2004 6.10278
2005 4.85981
2006 4.6415
2007 5.28726
2008 4.61115
2009 6.98749
2010 4.7362
2011 5.68086
2012 4.18205
2013 4.3895
2014 4.32015
2015 4.78332
