xmlns:cpt=http://iri.columbia.edu/CPT/v10/
cpt:nfields=3
cpt:field=undefined_relodds_B, cpt:nrow=28, cpt:ncol=1, cpt:row=T, cpt:col=station, cpt:missing=-999.00000000000000               
	02.0
cpt:Y	30.751289900000000
cpt:X	-98.669759900000003
1983	1.0527593268525124
1984	3.0298533945044475
1985	0.12057896808714899
1986	2.2180650580780492
1987	0.18935697467235088
1988	0.68364502570375119
1989	1.5446406902656937
1990	1.7010617747169168
1991	1.1512428369294658
1992	6.1760425257698190E-002
1993	0.46712618162044878
1994	1.3031575871394072
1995	0.63355217514939155
1996	2.9945857015864821
1997	1.8020517426129694
1998	0.57798239868162249
1999	1.8157864442109055
2000	3.8851710310270358
2001	0.38286031024768830
2002	0.89234558798678343
2003	0.73725839083760314
2004	1.6216259750226651
2005	0.45017987001434362
2006	2.4773609396951484
2007	1.2732528932442069
2008	2.1894332793698985
2009	4.6493105073165202
2010	0.36071144918325182
cpt:field=undefined_relodds_N, cpt:nrow=28, cpt:ncol=1, cpt:row=T, cpt:col=station, cpt:missing=-999.00000000000000               
	02.0
cpt:Y	30.751289900000000
cpt:X	-98.669759900000003
1983	0.73742213822604885
1984	0.59727843968913896
1985	0.23343346509047641
1986	0.68643893736933204
1987	0.38529292799342185
1988	0.75126744669446233
1989	0.75041096687441733
1990	0.75701708876106066
1991	0.76460629525219703
1992	0.14782797345943899
1993	0.64027262013896202
1994	0.78499566458559400
1995	0.71335534275096868
1996	0.60184325551900686
1997	0.74116757022051583
1998	0.60495905631067060
1999	0.71250861711543179
2000	0.50413762096936843
2001	0.56136374147617984
2002	0.77151649319387150
2003	0.71017382473937407
2004	0.76544413209686013
2005	0.63640833008282527
2006	0.60739431552539813
2007	0.75102969553307042
2008	0.67159629127372933
2009	0.46037693859205109
2010	0.51033695623975961
cpt:field=undefined_relodds_A, cpt:nrow=28, cpt:ncol=1, cpt:row=T, cpt:col=station, cpt:missing=-999.00000000000000               
	02.0
cpt:Y	30.751289900000000
cpt:X	-98.669759900000003
1983	1.2560530040931026
1984	0.40287204257915382
1985	10.393178239407389
1986	0.55961022914053371
1987	6.0639202634331619
1988	1.7892619852154399
1989	0.82245146514332323
1990	0.72407995586512353
1991	1.1157527321349670
1992	18.246620274720417
1993	2.6313162817004789
1994	0.95689684352066706
1995	1.9723943767647711
1996	0.40708480289491983
1997	0.68690035494439539
1998	2.3818028983444930
1999	0.70805731426970886
2000	0.32157355338020094
2001	3.2653951641637926
2002	1.4077755842240469
2003	1.7637716902112777
2004	0.76033126094256465
2005	2.7044923962497776
2006	0.54369111489774335
2007	1.0212096087864082
2008	0.58400483497004452
2009	0.25648733373525046
2010	3.6165264302333795
