xmlns:cpt=http://iri.columbia.edu/CPT/v10/
cpt:nfields=3
cpt:field=undefined_relodds_B, cpt:nrow=58, cpt:ncol=1, cpt:row=T, cpt:col=station, cpt:missing=-999.00000000000000               
	02.0
cpt:Y	30.751289900000000
cpt:X	-98.669759900000003
1958	7.7298771396225388E-002
1959	0.75860576250624101
1960	0.17837456299742926
1961	6.1274542472797941E-002
1962	1.5101091267718540
1963	3.5699771473251656
1964	2.9418124683682070
1965	1.3814414114618800
1966	1.4944732203339977
1967	2.6396785438766779
1968	1.9872328067809847E-003
1969	2.1882010077769576
1970	0.13351850979203000
1971	3.7865624899703700
1972	0.44506377557175902
1973	0.59458181691167999
1974	1.0002895649825312
1975	0.24269450910115739
1976	1.0030151982231634
1977	0.22133607657772342
1978	0.77837081496137595
1979	0.73694128461651021
1980	1.1251189967655224
1981	1.0525963565421688
1982	0.52166448253908992
1983	0.83290700069794588
1984	2.8978139985736888
1985	9.1690451297656642E-003
1986	1.0827357581866137
1987	5.2874938605495032E-002
1988	0.42726095763346844
1989	1.4941507762949324
1990	1.2385820278332862
1991	0.48026298187959998
1992	1.5048498869168486E-002
1993	0.20827217405291712
1994	0.79613931000519045
1995	0.32901552773495829
1996	1.6584512238293727
1997	0.92799072786357006
1998	0.29189240566004360
1999	1.6278894254251464
2000	4.2519157162136647
2001	0.12468984160464511
2002	0.42751099065806514
2003	0.93360185720910294
2004	0.99144390342910360
2005	0.30819766440027191
2006	2.1228512003609987
2007	1.9316393561122480
2008	1.2620631068686075
2009	3.8614483926163135
2010	0.24114138094362367
2011	3.3704325983100234
2012	3.2489707578343205
2013	4.4528002682798560
2014	4.6354607987034937
2015	5.1142819701697997
cpt:field=undefined_relodds_N, cpt:nrow=58, cpt:ncol=1, cpt:row=T, cpt:col=station, cpt:missing=-999.00000000000000               
	02.0
cpt:Y	30.751289900000000
cpt:X	-98.669759900000003
1958	0.35580777696132271
1959	1.1216059974910060
1960	0.61516332481997549
1961	0.30439375025701582
1962	1.0614754337223165
1963	0.70221266586420172
1964	0.78843589993143282
1965	1.0861625462295139
1966	1.0449723444297299
1967	0.83936450285643116
1968	1.8615989660735799E-002
1969	0.88773925257117381
1970	0.52616003876833273
1971	0.66864313404156650
1972	0.97471344415151884
1973	1.0613524821669520
1974	1.1098040104084643
1975	0.73939244909639790
1976	1.1237494075113925
1977	0.66937095985154116
1978	1.1261199338847980
1979	1.1170543949843914
1980	1.1209032264589474
1981	1.1308367436082953
1982	1.0454082598174204
1983	1.0648551358267491
1984	0.80189875027273749
1985	6.7229986601300890E-002
1986	1.1097806960925869
1987	0.27410237257458459
1988	0.97493719711935045
1989	1.0315033253245884
1990	1.0993043210367039
1991	1.0162196356246340
1992	0.10448747684808704
1993	0.68824685064609892
1994	1.1232274353414853
1995	0.86930193176575832
1996	1.0335146348869377
1997	1.0729048002821857
1998	0.81445464987881810
1999	0.99525432674984893
2000	0.60354548533077235
2001	0.49759627879984386
2002	0.94536293746850009
2003	1.1222614060192329
2004	1.1427074473054775
2005	0.81218271884042670
2006	0.93827006392921142
2007	0.97102665132754473
2008	1.0842874356998340
2009	0.66767649346772762
2010	0.63685900840205523
2011	0.71294904440737550
2012	0.74554163093759740
2013	0.60259509186552662
2014	0.57727147232325104
2015	0.53543848081713386
cpt:field=undefined_relodds_A, cpt:nrow=58, cpt:ncol=1, cpt:row=T, cpt:col=station, cpt:missing=-999.00000000000000               
	02.0
cpt:Y	30.751289900000000
cpt:X	-98.669759900000003
1958	8.6244242294456406
1959	1.1530809970679343
1960	4.3068869856105358
1961	10.359465159470554
1962	0.57421008721641209
1963	0.22025383619119027
1964	0.27779481501937686
1965	0.62991016687443735
1966	0.59454773653586523
1967	0.31333501966643973
1968	193.79462191220509
1969	0.40997335375310573
1970	5.3837277286164475
1971	0.21012271479508310
1972	1.9239402378424837
1973	1.4730853536275610
1974	0.89741557251620840
1975	3.2892324597226894
1976	0.88289750726283578
1977	3.7077498552193537
1978	1.1231311831135289
1979	1.1866119347407473
1980	0.78092853497823123
1981	0.83280837318943191
1982	1.6353941444101185
1983	1.1179260784390586
1984	0.27828604460033218
1985	51.929615521797672
1986	0.82448596507904559
1987	11.671600774399037
1988	1.9702795389789425
1989	0.60458660407298326
1990	0.71319000964413337
1991	1.7696572821494025
1992	33.015291201803258
1993	3.7088175857352028
1994	1.1038317283551036
1995	2.5021275121112776
1996	0.51883038220934896
1997	1.0026073590041471
1998	2.7991387133514429
1999	0.56084454584988863
2000	0.19318730494098441
2001	5.7544564665770697
2002	2.0235184983517085
2003	0.95123291987162206
2004	0.87756289752012251
2005	2.7356137626510728
2006	0.39743132551578253
2007	0.44457426937786060
2008	0.70840102237089320
2009	0.20004742091856054
2010	3.7286990459870042
2011	0.24621838663729642
2012	0.24588081626181632
2013	0.17015469820382403
2014	0.16784626767219632
2015	0.15040546213522116
