xmlns:cpt=http://iri.columbia.edu/CPT/v10/
cpt:nfields=3
cpt:field=undefined_relodds_B, cpt:nrow=58, cpt:ncol=1, cpt:row=T, cpt:col=station, cpt:missing=-999.00000000000000               
	11.0
cpt:Y	30.751289900000000
cpt:X	-98.669759900000003
1958	0.63411413861308186
1959	0.11007925976365572
1960	0.52704078323576564
1961	0.98890314058844198
1962	1.9490612960355418
1963	4.1133364829273225
1964	0.49620133269458483
1965	1.4586387515088441
1966	1.0458754626489932
1967	3.7324056831590244
1968	1.9674549575797813
1969	6.4399835919386944E-002
1970	1.6851580369598933
1971	0.16203041500914414
1972	1.1526672544508823
1973	3.4760448436179828E-002
1974	0.33104995667498593
1975	0.88881418659084810
1976	0.50758810648932962
1977	1.0798396576608627
1978	1.0975649092352218
1979	2.4027190276674801
1980	0.51657532529572947
1981	5.5085485970709315E-002
1982	1.6768793832235096
1983	4.9257033458614359
1984	1.1193392145677628
1985	0.14911136739586639
1986	0.17538866134114631
1987	0.54469315164336685
1988	1.5031298388697441
1989	2.5085947805292332
1990	0.70896126992812369
1991	0.87667170412138251
1992	0.86656478432314843
1993	1.1722942018154803
1994	0.91068507786965691
1995	1.3777417784838981
1996	7.0663728066577627E-002
1997	0.56504963063979685
1998	0.82895634451314415
1999	2.1452613763835542
2000	0.13273532008664671
2001	1.3153074661191564
2002	0.98084131490605042
2003	0.59221727404405022
2004	0.90171097142954659
2005	1.9524421938533907
2006	2.1973486239050057
2007	0.84963072991210276
2008	2.2446310904671964
2009	0.69268137421833653
2010	3.0844396090677551
2011	1.8030064361173361
2012	3.9172670866381760
2013	1.2439951096618849
2014	2.9807819625436496
2015	1.7610684813390185
cpt:field=undefined_relodds_N, cpt:nrow=58, cpt:ncol=1, cpt:row=T, cpt:col=station, cpt:missing=-999.00000000000000               
	11.0
cpt:Y	30.751289900000000
cpt:X	-98.669759900000003
1958	0.69072308189411780
1959	0.26507434021147436
1960	0.65234444551865578
1961	0.74055967550401502
1962	0.69276729435156470
1963	0.49226919480741033
1964	0.62723815233794911
1965	0.72874614117347447
1966	0.75232795063398594
1967	0.52128406837523433
1968	0.69304537952386291
1969	0.17754196605435307
1970	0.71837322055650465
1971	0.34230062909635878
1972	0.73104018380427072
1973	0.10689876235098374
1974	0.52855376641146712
1975	0.72388195256066701
1976	0.64291886942226784
1977	0.75322493388201228
1978	0.75346505728693369
1979	0.64724427799170092
1980	0.64770909653414188
1981	0.15738310906686359
1982	0.71810956247979962
1983	0.43801980082024289
1984	0.74967070866932972
1985	0.32727208480158432
1986	0.35542225791025212
1987	0.65197638151746506
1988	0.72607117788162567
1989	0.63448608234589776
1990	0.71204943591506487
1991	0.73856087858335295
1992	0.73404849380627624
1993	0.73907317045200460
1994	0.73391724545644821
1995	0.74175848206755568
1996	0.19071241636715600
1997	0.62973751055742044
1998	0.72218994372511258
1999	0.65641948376311798
2000	0.30002300174048335
2001	0.74889429296714505
2002	0.74236972457119765
2003	0.67814475148512798
2004	0.74278854168214714
2005	0.69506054240868653
2006	0.66965637588778004
2007	0.72227813792842732
2008	0.66051608953648433
2009	0.70354126481851931
2010	0.55914409859285163
2011	0.70186327754529998
2012	0.50792789575798258
2013	0.74327499182251322
2014	0.58865379080343405
2015	0.64252207311453868
cpt:field=undefined_relodds_A, cpt:nrow=58, cpt:ncol=1, cpt:row=T, cpt:col=station, cpt:missing=-999.00000000000000               
	11.0
cpt:Y	30.751289900000000
cpt:X	-98.669759900000003
1958	2.0206109778613794
1959	9.8206747987269569
1960	2.4003375908374474
1961	1.3273426349421922
1962	0.66375366294939675
1963	0.29788684908821988
1964	2.5711476808834899
1965	0.90359855572055692
1966	1.2429798935667520
1967	0.33138343395227282
1968	0.65517915211311728
1969	15.741722119439084
1970	0.77181726187900135
1971	7.0464059637081231
1972	1.1580867614915302
1973	27.489475562214334
1974	3.6971689300975412
1975	1.4877950134740472
1976	2.4875069212534391
1977	1.2041284912672097
1978	1.1848450959527050
1979	0.53090027183083399
1980	2.4454404555790918
1981	18.049038643514809
1982	0.77679444843866940
1983	0.24496424929577537
1984	1.1671691536800968
1985	7.5234664860579148
1986	6.6385847649286509
1987	2.3488084214280986
1988	0.87593749026801948
1989	0.50865026929791624
1990	1.8149013484510179
1991	1.4816426008150803
1992	1.5039471504148840
1993	1.1280916511410564
1994	1.4404133187850217
1995	0.94798470077966779
1996	14.504223811712222
1997	2.3501353286073146
1998	1.5821564276619320
1999	0.61565018984661068
2000	8.3798718399677909
2001	0.98876624880934127
2002	1.3347104699781847
2003	2.1521849548606973
2004	1.4389871978084148
2005	0.65997987643273992
2006	0.58281593162286083
2007	1.5493976496358828
2008	0.57372869697558315
2009	1.8649174582974546
2010	0.42385550399227018
2011	0.72527691078177170
2012	0.31338223816527405
2013	1.0561382455979709
2014	0.42173475257132292
2015	0.81142307311459727
