xmlns:cpt=http://iri.columbia.edu/CPT/v10/
cpt:nfields=1
cpt:field=Predictor_scores, cpt:nrow=28, cpt:ncol=4, cpt:row=T, cpt:col=index 
	1	2	3	4
1983	-1.6228849792178015	-2.8114856397457473	-0.92442105307180489	1.1503527106833116
1984	0.83380142479504615	1.0540669941468799	-0.90000129166508991	0.21621240968130323
1985	2.5178780687133808	-0.76845543977730069	0.31249826671686320	-0.30652985505514219
1986	0.59150893459198084	-1.5482131095086658	5.8605565674803026E-003	-1.1721344295670368
1987	-3.2441121138171156	-0.28548593525997940	0.25734681607076926	-0.86738701528184725
1988	0.53393646555541796	0.59585284892636881	5.4697638831382983E-002	2.7929234622213622E-002
1989	4.0670565253811768	-4.2772764267341154E-002	0.40042510638028139	-4.1505724140167344E-002
1990	0.33642760309407538	-0.19863261680093597	-0.54611073037871516	-1.0300860431771683
1991	-2.4665627368848426	1.6917493581973599	-0.33479669025549535	-1.0583982609678928
1992	-2.9005002784794054	-1.5573957452502156	2.5359090070249115	0.63910732448975027
1993	-2.5909600075422023	0.51313226302433823	0.34358444340266764	-0.92687240181101060
1994	-1.3490197946513818	-0.51495566577882002	-0.62334190983577697	0.41911744246347588
1995	-2.2665442502925504	8.4976470204485566E-003	-0.55002997998123337	0.44191613582918987
1996	0.30343055808642233	0.75973937962235338	-0.95049477509998093	-8.2286653856088743E-003
1997	1.3527132537132627	-1.8426270923305053	1.8624917305484130	-0.98020907522815393
1998	-1.6280131091364289	-2.8865170546795325	-0.63677638826888971	1.0727964204472642
1999	4.1308611341692076	0.41212373897260496	-9.9410895995363013E-002	0.18939630058422036
2000	4.9653633066729039	0.32933280925552288	-0.47507373284328641	0.35065986808938465
2001	1.8391036465674759	0.17223968064564441	1.0707176361016142	-0.15271755854714242
2002	-7.5602420799769615E-002	-0.36062496221238988	-0.25677442907810860	-0.77929106280555205
2003	-2.6693504674256916	0.76550297436601311	-0.29724847959610212	-0.29115119337807011
2004	-1.4066556069879237	0.67820957354203204	-0.64448257496624339	0.15065770615515076
2005	-1.2656992564760365	0.18562323863634853	0.55408853552170290	0.27018251737350218
2006	0.27231890113936574	-0.11318376897218453	-0.93134921708623708	0.19321469203287356
2007	-3.5654324976664893	2.2104049513776913	-0.72356201959788069	0.42643958607774768
2008	3.8683355261735959	0.57155555144771419	-4.1222344028444768E-002	0.19176682039559848
2009	1.7323072153789640	0.20009484371560465	-1.0106517572785845	0.52994502021868972
2010	-0.29370504465536262	2.7822239416861807	2.5481285318609141	1.3448170962009494
