xmlns:cpt=http://iri.columbia.edu/CPT/v10/
cpt:nfields=1
cpt:field=Predictor_scores, cpt:nrow=28, cpt:ncol=4, cpt:row=T, cpt:col=index 
	1	2	3	4
1983	-1.2288459217907679	0.40327218244621554	-0.97491636674671955	-0.45735195629975761
1984	-0.57922296574387544	-1.4165926037841985	-1.5321930753338338	-0.24830714733110565
1985	0.23516330226641291	-1.4574166748268640	-0.59599890438847292	0.25468381080271607
1986	0.63649541057315562	-1.7661562871948211	-4.5571751575842145E-002	7.1685955954281372E-002
1987	1.9447853001651072	-1.7357224557007687	2.1860997420243851	-0.19979206907601887
1988	-0.60612842539434664	-0.69819167819213557	0.97377809088340950	-0.84028132398829825
1989	-5.0089221346923223	-0.85625604987405579	-9.7225922426553479E-002	0.30181755846332681
1990	3.0627574419901356	0.78477308539332702	0.90406700553769115	0.44911176939095354
1991	-0.36874310407430516	-0.81551308343306472	1.5572475033945973E-002	-1.4891774248953722
1992	-3.5639191689591443	-0.67220212612111840	0.85884298794852498	-0.50029111888955413
1993	-4.0491651477177895	-1.2025262218968511	-0.80178441293871416	0.51134084795065615
1994	-0.37971053157101892	-1.1175665934817200	0.35412500173558958	1.8085701234951259
1995	-0.98344087224623655	1.4974186752787528	-1.0992423947730450	0.47442521967959667
1996	0.40959848590489645	1.1280767675635850E-002	1.1453928020708706	-0.36706014123130931
1997	0.35163560177294029	-0.77697970206785194	1.0366618378092400	1.9030180235900118
1998	-0.35579067406161591	1.4894347792665110	1.9019723914618061	-0.40071233413023449
1999	-0.60314675676573670	0.99814019768720863	-0.43179079587903707	-0.12740032471066706
2000	4.6201619231630033	-1.6050098189613400	-0.50931024913991807	-0.48593181496663979
2001	0.15206554234300476	1.3187203847905009	-0.48742278847269360	-0.42502180570568054
2002	1.2426842656294328	-0.34107384731578705	-0.21655802597402665	0.37782310629319460
2003	1.4664177467019031	-6.1315947745033794E-002	-0.31515176708350090	-5.0322219656978147E-002
2004	-1.7040148397227599	-9.9047713806264120E-003	0.41117624923652585	-0.31259305115723374
2005	-3.7054074842911198	1.7598322445367187	-0.83076664109988385	-8.1384193521133727E-002
2006	3.3131792351585743	-0.29421429112105607	-1.4269996952303443	-0.67277897985086554
2007	-0.41806117380465191	2.5653290950082619	1.6982757998384104	-0.46509904461732582
2008	2.2082350052933459	1.1506914483454196	-0.53896717548184925	-0.15191780446886474
2009	1.6515070007130854	0.67643153736275519	-0.99710589494060009	-0.44343290598848512
2010	2.2598329391629290	2.1713177553079146	-0.58495852209595434	1.5663792448646396
