xmlns:cpt=http://iri.columbia.edu/CPT/v10/
cpt:nfields=1
cpt:field=Predictor_scores, cpt:nrow=58, cpt:ncol=4, cpt:row=T, cpt:col=index 
	1	2	3	4
1958	-1.7142838229147996	-0.37276416732983775	-1.3046814704531930	1.5615394521790338
1959	3.2618306441346587	0.42820907340077158	0.43842245719365075	0.31647536716354824
1960	2.4779824290290078	1.9473324769337932	-1.8188320730310625E-002	0.81837680852846573
1961	-2.2192786595745755	1.0301765106749032	1.4822359448918903	0.72187183346186456
1962	7.3519453222221864E-002	-0.31595040070068237	0.98351012334940680	-0.40124563531605012
1963	-4.3675864223429413	-0.78346746911587450	-6.1741346758017207E-002	0.68446001749171337
1964	0.71065688990896125	1.2682732046375849	1.0830905666162680	-1.3409456719432031
1965	-3.8306812560984866	-0.34125319354277572	0.34884865542402876	-0.90347372660002501
1966	-5.2455989170024626	1.0168154487417058	0.93294367255042709	-0.95723903391850662
1967	0.28810225913786897	-0.82476510714914020	0.50866493214947650	-4.9556238014486179E-002
1968	-3.8913684248682090	-0.13628002605099376	-3.0865849258851219E-002	0.22895648596068130
1969	2.3984753414818418	0.34830060715049049	0.79063756949865849	0.12279294653644703
1970	-1.2283005479823810	0.33624505228225920	1.4593935750627680	-0.45658559395505915
1971	-0.93828710059759890	2.0041439436769037	-0.98664324998837549	-0.99393647961105347
1972	-1.1096471760799560	1.1561396574609333	0.23460308165095378	-1.2252373711842643
1973	-3.4043849932968251	1.2511853422511912	0.72197761130205840	1.2410872674009248
1974	0.36980498006401236	2.5216194048227898	-0.23011883427801882	0.60530552608503874
1975	-0.10307759193659871	0.28787312916094931	-0.67760958594453524	1.0360634712505132
1976	0.30722357975455172	0.37376608256974064	-0.21780282866092854	-2.4687495489923359
1977	-0.43466475785672332	0.34020312034716160	0.63156450078265425	-0.69145647449968728
1978	3.9825761976929730	1.9031183039052182	-1.4176591615197403	-1.1428744466926755
1979	0.50116194908050316	0.57485944198417438	-0.30375769503731809	-0.46214871403399105
1980	-2.4567062367461601	-1.7566535063060522	-1.1444122707426341	-0.53776704893122562
1981	0.48521846795161649	0.12660188749142054	-0.76216287608037947	0.70252888831571958
1982	-3.4378741174257295	-0.24665523806086642	-0.25558732610739637	0.73809520253336536
1983	-2.1273160225614260	-0.49455010371519242	-2.9399908367515385E-002	-1.0240423250050927
1984	1.7808823264927245	-1.3057139087891514	-0.49538584492602372	-1.4070546732160882
1985	-2.2405299663323111	-0.53617338354943023	0.14558025427273144	-0.78230520546205229
1986	0.83090951286873038	-0.53420871964761951	-0.66316303889796790	-0.33125412001510768
1987	1.6203411445521645	0.68623552476925731	-0.99072877536332860	-1.4357507198615533
1988	0.34565662002397507	0.27477933147542422	-0.61603025892103691	-0.43406016026929806
1989	-0.91121996023628615	-0.49533566256140038	-1.3385624641021341	-0.26577580892818858
1990	-3.7447005757460534	0.36931137546635506	4.5160842055766010E-002	1.8293225425148441
1991	1.4766157468442498	6.6796165506310040E-002	0.20267847362524641	0.35682011474599928
1992	0.31958943382082688	-0.43160864545909444	-2.4150223137966016	-7.4528505900033376E-002
1993	-1.9222489910165759	-1.1420814931596008	-1.3682044542259224	-0.65683041363997230
1994	-1.6984970776463699	-5.1561315195678824E-002	8.4951082940893444E-002	7.7498719127722701E-002
1995	2.2604761939281657	-0.37745086427314117	0.66249425612079116	-0.11891886274722190
1996	-1.4820430178194837	1.0655168980116927	1.0259245420639378	-0.11212704720842857
1997	-2.3739919571758410	-6.8573216316657637E-002	-1.3409316257516055	0.13578509244981396
1998	1.0149172720558175	1.6386361130627063	-0.48424769686979724	0.18583230875453913
1999	5.1862044952197106	-0.22077769127967201	0.23005058720672128	-0.30289161445765223
2000	1.1686418845657065	-0.77468558259831688	0.80058409394196683	0.33574321152360681
2001	1.6694287042959399	-0.53927862071140198	-0.62234085983436338	0.37206566871127367
2002	-0.67245287845219037	-0.44922612983280674	9.5423079311206721E-002	1.6311308813550816
2003	-1.1401957629799511	-0.44282665726953763	0.35038975603382672	0.48839081145634999
2004	-0.55466326467485694	9.8686344615722704E-002	-0.36374763774034979	0.29791597695818861
2005	3.0412129826360630	0.68069714865575115	1.2343837190907518	0.16401578970499411
2006	3.2643001085614474	-1.6511210107743328	-0.81148326166687501	0.50182301395668683
2007	2.0221565670593162	1.3164801778841766	-0.99546911501315627	1.4307560893439613
2008	4.5327771155854268	0.34788820888312022	1.2248713091705834	0.36107929999505717
2009	2.1315139758325867	-0.71935884826434493	0.15783496756908910	1.1582234336356645
2010	3.0941347334217113	-0.52261352999552346	0.34003376513767225	1.0399550010237202
2011	3.5797056098574047	-2.5123554472382792	0.70863192940366215	0.25275807674499068
2012	-1.4820414992442912	-1.5957996532404504	2.0691043340597650	-1.1714563936130014
2013	1.9421319975508626	-1.9316258101611885	0.47651745461105260	-0.41434870124506462
2014	-0.74846322295978562	-0.76689383092518637	1.3049476816554977	0.90453264243004983
2015	-0.65804439505178614	-1.1182807426078416	-0.82950674770275157	-0.13864140607093739
