xmlns:cpt=http://iri.columbia.edu/CPT/v10/
cpt:nfields=3
cpt:field=undefined_relodds_B, cpt:nrow=28, cpt:ncol=1, cpt:row=T, cpt:col=station, cpt:missing=-999.00000000000000               
	04.0
cpt:Y	30.751289900000000
cpt:X	-98.669759900000003
1983	1.2976493289114943
1984	8.9795960701552957
1985	0.46482341829839502
1986	4.1566905235662093
1987	0.41002976660147794
1988	2.9087424759536997
1989	1.0434774080657294
1990	0.29187782444929106
1991	4.5297766413235916
1992	0.13041622291179666
1993	0.83612040845570801
1994	3.1979663369774096
1995	0.74598777944845962
1996	6.0908493913590656
1997	2.4694497908883981E-002
1998	0.60134918364767997
1999	0.39777464089461528
2000	4.9307226016547041
2001	0.16773181470093668
2002	2.6533703045112245
2003	2.5964359402678325
2004	1.5869577171721172
2005	0.60170175183946073
2006	4.8904420232301815
2007	0.21116983499435268
2008	1.4101958593215216
2009	2.9345365187405870
2010	0.48271752038380306
cpt:field=undefined_relodds_N, cpt:nrow=28, cpt:ncol=1, cpt:row=T, cpt:col=station, cpt:missing=-999.00000000000000               
	04.0
cpt:Y	30.751289900000000
cpt:X	-98.669759900000003
1983	0.76404743989003709
1984	0.28915942290468422
1985	0.67596808342570525
1986	0.51975542262535457
1987	0.63919181682322701
1988	0.59816186012433370
1989	0.79461129919162354
1990	0.54957265358580998
1991	0.49221882900029823
1992	0.31693144582023519
1993	0.83470440947810021
1994	0.58842785391103958
1995	0.80332973155558962
1996	0.40334962976828032
1997	7.9025786306869253E-002
1998	0.72265941780929566
1999	0.56068682127520353
2000	0.44258232701329508
2001	0.35352687816040573
2002	0.63260793906071278
2003	0.67220311480668993
2004	0.82611717744339419
2005	0.76508498521376056
2006	0.46228769735795339
2007	0.46267619707351065
2008	0.78698988862426100
2009	0.64340985028228759
2010	0.69966011068886858
cpt:field=undefined_relodds_A, cpt:nrow=28, cpt:ncol=1, cpt:row=T, cpt:col=station, cpt:missing=-999.00000000000000               
	04.0
cpt:Y	30.751289900000000
cpt:X	-98.669759900000003
1983	0.98538300359658615
1984	0.11828325693636102
1985	2.5331965994696151
1986	0.26905985225285894
1987	2.8505192917649764
1988	0.43075776373165464
1989	1.1888063958623223
1990	3.8324690996426578
1991	0.24413228197393907
1992	8.1007235078235738
1993	1.3940276703644157
1994	0.37370593680883524
1995	1.5827697180244038
1996	0.17241295365040352
1997	37.834587989086714
1998	2.0274487738643967
1999	3.1967921187442792
2000	0.24058446665659977
2001	6.7878027198097834
2002	0.46760940484193919
2003	0.44967701288982609
2004	0.72205249295306984
2005	1.9372612827469204
2006	0.22843686124656420
2007	5.0577413564981075
2008	0.87396248465868520
2009	0.38636455066005598
2010	2.4091991850034833
