xmlns:cpt=http://iri.columbia.edu/CPT/v10/
cpt:nfields=1
cpt:field=eigenvalues, cpt:nrow=9, cpt:ncol=3, cpt:row=mode, cpt:col=index 
Mode	Eigenvalue	% variance	Cum. % variance
1	6.9962318342307137	77.735909269230220	77.735909269230220
2	0.98255707682757665	10.917300853639748	88.653210122869950
3	0.59508214706314022	6.6120238562571183	95.265233979127075
4	0.29951928777536135	3.3279920863929067	98.593226065519971
5	8.4474474804618865E-002	0.93860527560687690	99.531831341126860
6	1.7441857679889251E-002	0.19379841866543626	99.725629759792298
7	1.2819981946912105E-002	0.14244424385457904	99.868074003646868
8	9.2181822066723235E-003	0.10242424674080366	99.970498250387664
9	2.6551574651101310E-003	2.9501749612334816E-002	100.00000000000000
