xmlns:cpt=http://iri.columbia.edu/CPT/v10/
cpt:nfields=3
cpt:field=undefined_prob_B, cpt:nrow=28, cpt:ncol=1, cpt:row=T, cpt:col=station, cpt:units=%, cpt:missing=-999.00000000000000               
	10.0
cpt:Y	30.751289900000000
cpt:X	-98.669759900000003
1983	83.683718434787352
1984	47.011967351055894
1985	23.320207536914040
1986	21.085097880470997
1987	8.4020276579237958
1988	46.994234810511017
1989	39.876071131842018
1990	19.611342482039461
1991	31.058734695217922
1992	32.454356385388422
1993	52.731837313047393
1994	41.000227749723337
1995	16.931821830839525
1996	8.9416682549437354
1997	24.414717720923960
1998	33.272010243188461
1999	50.687491636144706
2000	27.922145449625717
2001	42.686661347953404
2002	32.406977453968409
2003	37.010878620442575
2004	35.246024144569390
2005	27.287151880696143
2006	68.992127081026027
2007	13.543316068469053
2008	40.021216709499541
2009	60.031124058954816
2010	32.513294400325847
cpt:field=undefined_prob_N, cpt:nrow=28, cpt:ncol=1, cpt:row=T, cpt:col=station, cpt:units=%, cpt:missing=-999.00000000000000               
	10.0
cpt:Y	30.751289900000000
cpt:X	-98.669759900000003
1983	8.1969848407960075
1984	17.293755844497547
1985	17.232676473934681
1986	16.657019499209923
1987	9.3683197939148926
1988	19.331059495076467
1989	20.369432215049265
1990	15.911652431392213
1991	19.447593883501419
1992	19.322757029245949
1993	17.782269569823715
1994	19.916140989082457
1995	15.455043636362191
1996	10.131133495442512
1997	14.956921171038054
1998	18.946826403136015
1999	18.848769833813403
2000	18.782113302648170
2001	19.719987689745210
2002	19.465959928777025
2003	19.525626214876162
2004	20.251869757398580
2005	18.514527355983738
2006	14.572420446261560
2007	13.052427944294891
2008	19.729275556811366
2009	15.807592869584628
2010	19.320275440751324
cpt:field=undefined_prob_A, cpt:nrow=28, cpt:ncol=1, cpt:row=T, cpt:col=station, cpt:units=%, cpt:missing=-999.00000000000000               
	10.0
cpt:Y	30.751289900000000
cpt:X	-98.669759900000003
1983	8.1192967244166372
1984	35.694276804446559
1985	59.447115989151278
1986	62.257882620319080
1987	82.229652548161312
1988	33.674705694412516
1989	39.754496653108717
1990	64.477005086568326
1991	49.493671421280659
1992	48.222886585365629
1993	29.485893117128892
1994	39.083631261194206
1995	67.613134532798284
1996	80.927198249613753
1997	60.628361108037986
1998	47.781163353675524
1999	30.463738530041891
2000	53.295741247726113
2001	37.593350962301386
2002	48.127062617254566
2003	43.463495164681262
2004	44.502106098032030
2005	54.198320763320119
2006	16.435452472712413
2007	73.404255987236056
2008	40.249507733689093
2009	24.161283071460556
2010	48.166430158922829
