xmlns:cpt=http://iri.columbia.edu/CPT/v10/
cpt:nfields=1
cpt:field=X_loadings, cpt:nrow=9, cpt:ncol=4, cpt:row=station, cpt:col=mode 
Station	Latitude	Longitude	1	2	3	4
prec_1	32.091940000000001	-101.25000000000000	-0.33007460740717975	0.43385358067621310	5.4633263626131565E-002	-2.3297950500555949E-002
prec_2	32.091940000000001	-98.437500000000000	-0.33124432344624222	0.37613435624150909	0.16156738165835713	-0.63762640452356589
prec_3	29.301359999999999	-101.25000000000000	-0.34176116263294348	0.33724302342308921	3.0046040080023609E-002	0.71171499464846244
prec_4	29.301359999999999	-98.437500000000000	-0.36434728888396345	0.25594117080227191	0.12201820325476209	-9.8754335534164839E-003
st_1	32.091940000000001	-101.25000000000000	0.35908318062735239	0.33935337693721312	0.10227182059604996	0.17510654398087261
st_2	32.091940000000001	-98.437500000000000	0.35871439502222707	0.33239127547915970	0.15639026223839103	0.14063452042111790
st_3	29.301359999999999	-101.25000000000000	0.36901819496068627	0.29845364727789381	8.8161457609211902E-002	-0.14635648317718475
st_4	29.301359999999999	-98.437500000000000	0.36807267468223759	0.29980566667099240	0.13127505809161311	-9.4807214516124158E-002
00.0	30.751289900000000	-98.669759900000003	-5.0096333827184807E-002	-0.29402820448923372	0.94614848641418259	7.3518826093666806E-002
