xmlns:cpt=http://iri.columbia.edu/CPT/v10/
cpt:nfields=2
cpt:field=undefined, cpt:climit=lower (95.%), cpt:nrow=28, cpt:ncol=1, cpt:row=T, cpt:col=station, cpt:units=none, cpt:missing=-999.00000000000000               
	01.0
cpt:Y	30.751289900000000
cpt:X	-98.669759900000003
1983	4.0555018187091836
1984	3.6723001079955502
1985	5.7112392450455118
1986	4.1629157875644465
1987	5.2968546552201623
1988	4.6924377477736066
1989	4.4343450322134359
1990	4.2153681756011157
1991	4.2474470566266938
1992	6.1393758720764673
1993	4.6858492815730841
1994	4.1195886800668173
1995	4.6298974987440085
1996	4.0866956119222273
1997	4.7825877790033857
1998	4.3289195750642966
1999	4.5909982193684105
2000	4.1962761531385464
2001	5.0695020509521882
2002	4.5622143028888020
2003	4.4747565404922804
2004	4.1256095156754515
2005	4.8912933821392386
2006	4.1111755204813862
2007	3.9342322472914395
2008	4.5418971727924378
2009	3.9231271907069050
2010	4.3794047946562005
cpt:field=undefined, cpt:climit=upper (95.%), cpt:nrow=28, cpt:ncol=1, cpt:row=T, cpt:col=station, cpt:units=none, cpt:missing=-999.00000000000000               
	01.0
cpt:Y	30.751289900000000
cpt:X	-98.669759900000003
1983	5.9952956616320137
1984	5.5521564104056527
1985	7.7160602518319035
1986	5.9854260959563055
1987	7.1644170891834307
1988	6.4967657325903492
1989	6.3336348167869669
1990	6.0658467231387743
1991	6.0911928870482495
1992	8.3266124290480850
1993	6.5514794073042850
1994	5.9590524226723982
1995	6.4609799682221380
1996	5.9178345611119632
1997	6.5894130223065055
1998	6.3183188438001698
1999	6.5830253883137253
2000	6.0876236929220031
2001	6.9401063631998969
2002	6.4150284869976923
2003	6.3770413973048639
2004	5.9679838444064899
2005	6.7043612912517734
2006	5.9508761910552499
2007	5.8534633539983689
2008	6.4183413867962704
2009	5.7682278935371443
2010	6.3507033713941601
