xmlns:cpt=http://iri.columbia.edu/CPT/v10/
cpt:nfields=1
cpt:field=Predictor_scores, cpt:nrow=28, cpt:ncol=4, cpt:row=T, cpt:col=index 
	1	2	3	4
1983	0.42682507089655169	-0.17141610888111206	-1.9272046335392807	1.1197064723073935
1984	-0.69897556430062890	-0.81174044815873470	-1.7462430265758282	-0.34574690672591335
1985	-4.2691010822806943	-0.27025707924112019	-0.35096737248671162	-0.17077222314757767
1986	1.5633458621940495	-1.8358086884849694	-1.1419090600866031	0.63630887815403470
1987	0.86115293202819609	-0.69541678362520887	0.70374326034404222	0.97473775541706520
1988	-2.4480824699941430	1.4788702527357585	3.4002421366890578E-002	1.2633144275295547
1989	-0.39454382678551114	-0.66210387849097174	4.3835944105740300E-002	-2.8943235893058590E-002
1990	-3.1592298621981421	0.16759903129922143	2.0400359431025441	-0.70057233505309291
1991	1.1174810020301502	-1.1947153066593670	0.85304695632776728	-1.3254699300147998
1992	-2.2264442815237522	-2.3358894742327361	0.77903359949999762	0.52022553935669535
1993	-1.3512283750433105	-0.53169744725304602	-0.91201186608829576	0.22831660652889618
1994	-5.0678009419424503	-0.86154887881750830	0.36556987310334377	0.24305603795499389
1995	-0.19109770923540387	-1.1060828453168308	-0.13142504902663155	-0.99414609721744207
1996	1.7007599468668180	-0.74162691256564661	0.52791402618629668	0.89093127040079789
1997	0.95596662797887189	0.64052615164657556	1.7240532169771308	-1.1746165998453757
1998	2.9437841077950435	0.94880122823967439	1.8392905632139969	0.96144574950667994
1999	-1.1273262402055182	-0.17217719884116714	0.56936599580005831	-1.2188397973901450
2000	0.87961682375643802	0.59460766452812008	-0.95337625657213998	-0.94085328273203694
2001	0.57904693964607190	-4.0664375765390122E-002	0.22763907266074945	-0.64291464764067952
2002	2.0882896428179865	-0.84395238614547097	-0.58148152954526200	0.18187398430404833
2003	1.5090659872183618	0.60882328026034160	-1.2367786083855319	0.42801948205917445
2004	1.1551523521626172	0.38602150564316295	8.9039783355078339E-002	0.46925208226150222
2005	-0.57887774067306286	1.4401494292950783	0.27476758094506520	0.10618264353129185
2006	-3.6959089869452328	3.0350621407059992	-1.2244144902504026	-0.38311837417361383
2007	1.2100899139421268	1.2299014754767685	1.7525919872677078	1.6084837168040877
2008	2.7100117909101122	-1.2713420710346444	-0.28611087073652741	-0.32304858416133236
2009	0.72185894872300738	1.5548502156991799	-1.0418137868940414	-0.19764128471499948
2010	4.7861691321652877	1.4612275079867427	-0.29019367406844587	-1.1851713474077044
