xmlns:cpt=http://iri.columbia.edu/CPT/v10/
cpt:nfields=3
cpt:field=undefined_relodds_B, cpt:nrow=28, cpt:ncol=1, cpt:row=T, cpt:col=station, cpt:missing=-999.00000000000000               
	05.0
cpt:Y	30.751289900000000
cpt:X	-98.669759900000003
1983	2.3873057072864965
1984	7.1368416456832611
1985	1.5535405504839153
1986	3.0499698640326161
1987	0.81602928052132395
1988	1.7403963174142025
1989	1.9705110114172435
1990	1.1929377785704840
1991	1.9809664058325960
1992	0.45163118100034583
1993	0.75593277556785687
1994	2.9402691048581016
1995	1.2788280812688488
1996	3.2415768763136485
1997	0.31286281686317635
1998	1.7095057747451579
1999	1.8286136209532906
2000	4.1428260709126876
2001	0.61179241669821216
2002	1.9145523638451170
2003	3.0551003755368349
2004	0.45515816588955499
2005	1.2928945903878177
2006	3.2858290532556205
2007	0.94854280896554188
2008	1.6033778322170229
2009	0.73701249856856077
2010	0.42271282499095242
cpt:field=undefined_relodds_N, cpt:nrow=28, cpt:ncol=1, cpt:row=T, cpt:col=station, cpt:missing=-999.00000000000000               
	05.0
cpt:Y	30.751289900000000
cpt:X	-98.669759900000003
1983	0.48031570822592717
1984	0.26515714717385791
1985	0.55016742839565946
1986	0.43983748361090791
1987	0.47645463551855172
1988	0.51207183461117478
1989	0.51816685109366101
1990	0.55233861125171557
1991	0.50785399285873456
1992	0.34935370345351258
1993	0.48920463411130410
1994	0.45015507503719415
1995	0.53620862700266225
1996	0.43078133123045270
1997	0.31749464749296008
1998	0.51831502240142813
1999	0.49799373417186765
2000	0.36421904660649579
2001	0.46949795589196602
2002	0.52516731618351298
2003	0.44524355449239489
2004	0.40521844343224100
2005	0.54643697186479900
2006	0.43477056105824552
2007	0.50555433171017317
2008	0.51337871835428261
2009	0.50444871124858925
2010	0.35810778027990109
cpt:field=undefined_relodds_A, cpt:nrow=28, cpt:ncol=1, cpt:row=T, cpt:col=station, cpt:missing=-999.00000000000000               
	05.0
cpt:Y	30.751289900000000
cpt:X	-98.669759900000003
1983	0.71079701853665822
1984	0.22676226565898919
1985	1.0631680063309337
1986	0.55026800252327535
1987	2.1478805734394273
1988	0.98890342978349022
1989	0.84876767436297285
1990	1.3897011224126057
1991	0.85667423133153031
1992	4.0074735122214875
1993	2.2478772772979361
1994	0.56776033873163079
1995	1.3253121061610083
1996	0.51365315582599325
1997	5.3456524710568667
1998	1.0000173914646240
1999	0.95431807475792985
2000	0.41408380210759210
2001	2.7129668189258274
2002	0.86919686855731160
2003	0.54308770074630641
2004	3.6519012241777755
2005	1.2936965373277622
2006	0.49938389843478048
2007	1.8206415955707773
2008	1.0806026088727232
2009	2.2490150365322434
2010	4.1285498406407175
