xmlns:cpt=http://iri.columbia.edu/CPT/v10/
cpt:nfields=2
cpt:field=undefined, cpt:climit=lower (95.%), cpt:nrow=58, cpt:ncol=1, cpt:row=T, cpt:col=station, cpt:units=none, cpt:missing=-999.00000000000000               
	04.0
cpt:Y	30.751289900000000
cpt:X	-98.669759900000003
1958	4.8943156075127483
1959	3.7552314624534153
1960	4.0145679417384308
1961	4.2143603182383638
1962	3.4212377465070265
1963	3.5256066666607047
1964	3.8310676988961219
1965	3.9905417596587958
1966	3.6530917207345310
1967	3.0951094091347366
1968	5.0197671383617406
1969	3.4733730890968442
1970	5.2133035355361219
1971	3.5486588353209969
1972	3.8253946644009393
1973	4.2634039606771434
1974	3.4983725360772198
1975	4.3001163005100285
1976	3.7089224916903865
1977	4.4541397262964120
1978	3.7773227188642591
1979	3.9046632163890940
1980	3.3822674583297792
1981	4.3977414773869228
1982	3.9375010572753562
1983	4.4421699647104234
1984	3.0906140128115394
1985	4.2044166482554708
1986	3.6903337401488860
1987	4.6894571879120042
1988	3.7777154944279596
1989	3.8066632335272157
1990	4.6871897116061900
1991	3.7578865577087406
1992	5.0801265435648126
1993	4.3958923633979312
1994	3.7714836452051905
1995	4.4986326371292868
1996	3.5114738489756565
1997	5.4782435647096248
1998	4.6978381902923383
1999	4.1301217735350191
2000	3.2064465721145861
2001	4.8019249718791297
2002	3.6292568382614316
2003	4.0616283601017171
2004	3.9442262540531869
2005	4.4603588180531135
2006	3.5659114356088137
2007	4.8111035991490194
2008	3.8363527079239148
2009	3.6937586167123961
2010	4.3402631160769047
2011	2.8467305780729033
2012	4.2932481273893064
2013	3.2999099875625597
2014	3.0546180750108194
2015	3.4489304452198040
cpt:field=undefined, cpt:climit=upper (95.%), cpt:nrow=58, cpt:ncol=1, cpt:row=T, cpt:col=station, cpt:units=none, cpt:missing=-999.00000000000000               
	04.0
cpt:Y	30.751289900000000
cpt:X	-98.669759900000003
1958	7.6986276291091720
1959	6.5206571701006419
1960	6.7320848823491772
1961	6.9447510456874211
1962	6.1962381060436229
1963	6.2826268441116593
1964	6.5795339496927223
1965	6.6996224895179557
1966	6.5260539570176217
1967	5.9506841781249351
1968	7.8065036283504723
1969	6.2570099132793491
1970	8.1912924144706789
1971	6.2764642766648224
1972	6.6637222659792474
1973	7.0571025504370564
1974	6.3101556911330956
1975	7.0097302937286852
1976	6.4513257436145830
1977	7.2208743212644242
1978	6.6459964635472684
1979	6.6931253487916962
1980	6.1293146488065586
1981	7.1585382906311370
1982	6.6588877356239022
1983	7.2966525438203504
1984	5.8829285228498662
1985	6.9973680533137319
1986	6.4322400625682432
1987	7.4478013155882445
1988	6.6065077416042639
1989	6.6569786519857317
1990	7.4373561398256571
1991	6.5229088104111810
1992	7.9289548326317068
1993	7.1225661510624425
1994	6.5502464527446342
1995	7.2474077867273774
1996	6.2526561608313127
1997	8.4034710623648721
1998	7.5337495407011756
1999	7.0467974479067967
2000	6.0793008449604837
2001	7.6943233292197295
2002	6.4453640325709340
2003	6.8378491610856047
2004	6.6493005855660021
2005	7.2277383710325589
2006	6.3427647704140648
2007	7.5827361473281485
2008	6.6588893320873215
2009	6.4306356240431590
2010	7.1185647930964695
2011	5.7278932887068033
2012	7.0745589887895832
2013	6.0864256209306955
2014	5.8466214972070629
2015	6.2111723390897309
