xmlns:cpt=http://iri.columbia.edu/CPT/v10/
cpt:nfields=1
cpt:field=eigenvalues, cpt:nrow=9, cpt:ncol=3, cpt:row=mode, cpt:col=index 
Mode	Eigenvalue	% variance	Cum. % variance
1	5.2192583781961099	57.991759757734592	57.991759757734592
2	1.7456313662931715	19.395904069924139	77.387663827658727
3	0.95246534677414796	10.582948297490539	87.970612125149259
4	0.47383235226612119	5.2648039140680165	93.235416039217284
5	0.35625308565805491	3.9583676184228347	97.193783657640125
6	0.12868345984814203	1.4298162205349123	98.623599878175042
7	6.9436338073604748E-002	0.77151486748449760	99.395114745659541
8	4.9048849121174326E-002	0.54498721245749282	99.940101958117026
9	5.3908237694667155E-003	5.9898041882963535E-002	100.00000000000000
