xmlns:cpt=http://iri.columbia.edu/CPT/v10/
cpt:nfields=1
cpt:field=Predictor_scores, cpt:nrow=28, cpt:ncol=4, cpt:row=T, cpt:col=index 
	1	2	3	4
1983	-1.1084916956219243E-003	-1.4036851401473027	-0.38516832430171738	-1.2157755209771945
1984	-4.2713597234787795	0.68609438396879419	-2.1363456461520118	0.49486267643126791
1985	4.1082023771208664	-0.69873058820861078	-0.11220206192215014	0.22064442034025286
1986	0.55110440680111272	0.38803722734647939	-2.1123041132243698	0.97747867460319693
1987	0.23223960810492317	-0.95166917484795799	0.34499303961780070	1.0258793571353106
1988	-2.8412558911134305	-0.54459678875205042	1.9103905694127370	0.95738289888909178
1989	-2.1249308361298760	1.1809776777643612	-1.0191661574041084	0.30585083729875995
1990	-0.93825273388793129	-0.42427912505669102	1.7605811256741231	-0.28687545302460293
1991	-0.18364016492423321	0.12213649915449368	4.2386429472069831E-002	-0.21697194537903369
1992	-2.2332743192111359	-2.4054581651361300	-0.42695453228653468	0.34833669896361991
1993	-1.8945721698220901	-2.0330947380322675	-0.23337357975361772	-1.6793430133948650
1994	-0.10886780699348307	-0.11730977155510185	-1.7012126453069145	0.55188760929851766
1995	1.0825975196220596	-0.83130316083524425	-3.0160958421253353E-002	-0.29416498054500406
1996	1.1621512102220832	0.89044448423737665	-0.36039703647418186	0.62884594624678714
1997	-3.2254340642856455E-002	-0.83701384772226195	0.21821124079156637	1.0222862038199079
1998	3.2562471353180582	0.16513235867343481	7.4817546800556634E-002	-0.68673439282257520
1999	0.89987204435598978	1.7642088951845267	0.61283658428828414	-0.14724943595419437
2000	-1.2294544562633429	1.1728888019884116	-1.4125092961042365	-0.42019987911611811
2001	2.5591454156497306	-0.44128496308446985	-0.65277596641432234	0.50793086758140604
2002	-2.8088348655855304	-2.0140515634167224	0.96052010514098662	0.41355446112266148
2003	2.8873264218662893	-0.45361539631948250	-0.19407217201040605	-0.43806026718610919
2004	0.85653592028172165	-1.1165381426404317	-0.25234326496441734	-0.10130992778391122
2005	-3.3830761769616404	3.6532351971169881	0.72465653839011801	0.10932469470882866
2006	1.1314608323261328	1.2324208120583591	0.27075067830607469	-1.2356067250701308
2007	-1.6050023648478027	9.6844411509293682E-002	2.5226236243719464	0.35608800044314193
2008	1.1079534453232784	0.28721138446391414	-0.29879578386001937	-0.67270009340149406
2009	-0.68175174933117344	1.3509813404847437	0.60381432057155038	-1.7904742041835275
2010	4.5027997538996756	1.2820170918056797	1.2811997357633071	1.2651124919562045
