xmlns:cpt=http://iri.columbia.edu/CPT/v10/
cpt:nfields=1
cpt:field=X_scores, cpt:nrow=28, cpt:ncol=4, cpt:row=T, cpt:col=index 
	1	2	3	4
1983	-3.6115843058333548	-1.9085078403758111	-0.69733759245314486	-0.65719954358771460
1984	-0.92860027142095602	1.5333818709268516	-2.2612084794794347	0.84132184931471421
1985	2.5874121885965158	-0.33144669519661335	0.27294883245491441	-0.72890252961198876
1986	0.94430666643757299	-0.56071196124792588	-0.99017942599520581	-0.44639268978407803
1987	-3.0063448587455261	-2.1892324442637299	-5.0039229467028740E-002	-1.8999790047469069E-002
1988	-0.67737574514144216	6.9546989170770068E-002	-4.5934144032738732E-002	1.0991096331935893E-002
1989	1.6060905320400101	-9.0018384090163828E-002	-3.1330976780459097E-002	0.79195402863921249
1990	2.9650424279584211	-2.0872372517680713	1.1072713551484357	0.65374461623977809
1991	0.13230341302539009	-4.8310640377505459E-002	-1.7457520852541302E-002	-0.60698582820956892
1992	-2.8583757598315485	-2.7329228125212075	0.30100316686432660	-0.74770972138419889
1993	-3.8230074405362227	1.3650495898475934	0.63388385866184205	0.41905460015209656
1994	-0.32554996973909700	-0.92855576784683336	0.13943169282124460	0.68921603877613113
1995	-1.5128668045945419	-0.78721275444570737	0.63131899725718721	-0.65368990470585520
1996	2.0804082643202699	1.2473934620867317	-1.2935148261219314	-1.0586271177758486
1997	2.1708896361881784	-0.70560178908291682	-0.47570059062196635	0.21599107437554269
1998	-1.4693827769283359	-0.29183292051931570	-0.91654882226194745	-0.64297178641752706
1999	2.6388092919656141	0.41974171908280838	0.72231535825654913	-0.61305277660420354
2000	2.3334848824671153	1.6655218444454134	-4.3511733822642236E-002	-0.70008044105283951
2001	-4.7826964030870869	3.1558226574782791	2.3238630839917178	-3.6523083889930134E-002
2002	0.68365444620885840	1.3183525525013664	-0.47112086831175581	-0.64601244274708358
2003	-2.7398842838042818	0.56668570513299477	-1.5658219450014663	1.2304722433019404
2004	-0.37026663203686278	0.91329216147186265	4.7970633294715771E-002	0.55017750702179491
2005	-0.78947873492599929	-0.80555393719216095	-0.36407961852099030	0.37395373802849752
2006	3.0882940447958083	-0.36536967689224087	-0.14319622396872972	0.58966257529250965
2007	1.2920974066345139	-1.4146660791173609	1.3965118805697116	1.1465799242495394
2008	2.3829758022553960	1.5879750378621655	8.9812249074459491E-002	0.60602245189743487
2009	-0.26606235652952098	1.3474713684824799	0.58713631619790618	-0.37041870359734924
2010	2.2557073402632395	5.6945996449521509E-002	1.1135145730999345	-0.19157538420589482
