xmlns:cpt=http://iri.columbia.edu/CPT/v10/
cpt:nfields=2
cpt:field=undefined, cpt:climit=lower (95.%), cpt:nrow=35, cpt:ncol=1, cpt:row=T, cpt:col=station, cpt:units=none, cpt:missing=-999.00000000000000               
	11.0
cpt:Y	30.751289900000000
cpt:X	-98.669759900000003
1982	2.8203813737138543
1983	2.5420724233954655
1984	3.4314269720179280
1985	4.4751573153742505
1986	4.5453831631139501
1987	3.5622542418756811
1988	3.1979575354013274
1989	2.9457609073444542
1990	3.5854269572781274
1991	3.4437580421869343
1992	3.2969219133932444
1993	3.0787975827118834
1994	3.3316391549576378
1995	3.2844015950882808
1996	4.9815202641775311
1997	3.3979616828074359
1998	3.5489885103745777
1999	2.8341476635046625
2000	4.6945812012781598
2001	3.3187385453576783
2002	3.5285460080315514
2003	3.8928543285642978
2004	3.3315565080288674
2005	3.0181874158111128
2006	2.9361528048440992
2007	3.6834867220408860
2008	2.8877061538985389
2009	3.5947766006612025
2010	2.6489999809072038
2011	3.0851533304031658
2012	2.5025012643052302
2013	3.4135762824745459
2014	2.5805104555414333
2015	2.8738020639612434
2016	3.5477162385352972
cpt:field=undefined, cpt:climit=upper (95.%), cpt:nrow=35, cpt:ncol=1, cpt:row=T, cpt:col=station, cpt:units=none, cpt:missing=-999.00000000000000               
	11.0
cpt:Y	30.751289900000000
cpt:X	-98.669759900000003
1982	6.9158678588800058
1983	6.7600002630404372
1984	7.4474815366619076
1985	8.6786374518688447
1986	8.7787838856702649
1987	7.6687502583679859
1988	7.2766937075434335
1989	6.9763839402470698
1990	7.6079491291611134
1991	7.5127408315845656
1992	7.3419473559424127
1993	7.1384492064286036
1994	7.4002720212025990
1995	7.2860241512984034
1996	9.4404952689450141
1997	7.6479048487560366
1998	7.6794811993956760
1999	7.0278574149048616
2000	9.0261945462345512
2001	7.3471716735551773
2002	7.5557247467029089
2003	7.9561672451689454
2004	7.3519885035731587
2005	7.0530474276987345
2006	6.9674541779985120
2007	7.7309149305586597
2008	7.0071186828402761
2009	7.6030633396837342
2010	6.8794859391524383
2011	7.1585583266250783
2012	6.6353252539125922
2013	7.4113990349407537
2014	6.6722973724926780
2015	7.0413585921908446
2016	7.5722466734097313
