xmlns:cpt=http://iri.columbia.edu/CPT/v10/
cpt:nfields=1
cpt:field=X_loadings, cpt:nrow=9, cpt:ncol=4, cpt:row=station, cpt:col=mode 
Station	Latitude	Longitude	1	2	3	4
prec_1	32.091940000000001	-101.25000000000000	-0.33394511045004849	-0.36756673204732382	0.18270116568572942	-0.64327857831230317
prec_2	32.091940000000001	-98.437500000000000	-0.34298214740963107	-0.27859286400707456	0.27107739974486944	0.19497368755623554
prec_3	29.301359999999999	-101.25000000000000	-0.34204370428182224	-0.32787316506226144	0.22621010139781311	-0.13592159493616643
prec_4	29.301359999999999	-98.437500000000000	-0.35494297804372332	-0.19757579910048789	0.16348548446601330	0.71634961416720166
st_1	32.091940000000001	-101.25000000000000	0.35906128729749331	-0.28662258106818972	0.22570727185490261	7.3944639303615778E-002
st_2	32.091940000000001	-98.437500000000000	0.36235563648692753	-0.26550929015750846	0.21975162795317263	1.8336121503931491E-002
st_3	29.301359999999999	-101.25000000000000	0.36557143366449457	-0.25058635570292359	0.20094334521208868	7.5661607295278654E-002
st_4	29.301359999999999	-98.437500000000000	0.36492749528294077	-0.25373474480093017	0.21386510588205204	-8.3558309597877301E-003
11.0	30.751289900000000	-98.669759900000003	-2.8711168712399801E-002	0.60076715567384853	0.79365468041455001	-7.0341740059895352E-002
