xmlns:cpt=http://iri.columbia.edu/CPT/v10/
cpt:nfields=3
cpt:field=undefined_relodds_B, cpt:nrow=58, cpt:ncol=1, cpt:row=T, cpt:col=station, cpt:missing=-999.00000000000000               
	04.0
cpt:Y	30.751289900000000
cpt:X	-98.669759900000003
1958	6.0272506450022398E-002
1959	2.2438852644045868
1960	0.68223136314101862
1961	0.40144039850482405
1962	1.6816935029264939
1963	4.1782707694488135
1964	1.3339117121393325
1965	0.91102484083064394
1966	2.2684273326610938
1967	3.2374347896948032
1968	5.3600107990059452E-002
1969	1.6759473550013562
1970	2.0548974821447911E-002
1971	2.0235700606311124
1972	1.2093054576273978
1973	0.53745988611893403
1974	3.0304336862216359
1975	0.34651581650523361
1976	1.4061579505240895
1977	0.23884230590454358
1978	1.0841067116420271
1979	0.44768199977207346
1980	2.9975159846486217
1981	0.31012111891173882
1982	1.0348635458055482
1983	0.22347864775003101
1984	3.8663261691732758
1985	0.49697310240071357
1986	1.4793544194874142
1987	0.14442434472823595
1988	0.73527088092563320
1989	1.1490066364162321
1990	0.15571101965866135
1991	1.0688247779599542
1992	1.8087966337585713E-002
1993	0.27354092357614462
1994	1.1749020536075834
1995	0.24149790096783672
1996	2.8436457134654152
1997	6.3733660885975105E-003
1998	0.10214447016202699
1999	0.26126661080434710
2000	3.2774521499000260
2001	0.10145556277808734
2002	1.7586064900120240
2003	0.69623387093013922
2004	0.73811040649910264
2005	0.17907907757153657
2006	1.4569915385023147
2007	4.1429949330968982E-002
2008	1.2081270336157264
2009	1.8519131597239147
2010	0.24305428408081362
2011	8.0380493714167489
2012	0.39960050434093525
2013	5.1437876202571493
2014	6.6756580835996431
2015	1.6514935364358085
cpt:field=undefined_relodds_N, cpt:nrow=58, cpt:ncol=1, cpt:row=T, cpt:col=station, cpt:missing=-999.00000000000000               
	04.0
cpt:Y	30.751289900000000
cpt:X	-98.669759900000003
1958	0.36079838826756105
1959	0.97305832473244391
1960	1.3125952575577997
1961	1.1190306086862951
1962	1.1639520459981751
1963	0.67787164996490179
1964	1.2237711357855932
1965	1.3257957110397920
1966	0.98768001341923151
1967	0.81534185971962647
1968	0.33785989504386643
1969	1.1450175586708180
1970	0.16600083043885411
1971	1.0620267972676840
1972	1.2810396901277763
1973	1.2348944623185940
1974	0.83325242694607171
1975	1.0541088280109305
1976	1.2181582889468048
1977	0.87500083312739330
1978	1.2915370187912261
1979	1.1760393546351784
1980	0.84494960669998198
1981	1.0265703827081034
1982	1.3015954639431808
1983	0.78122670618239587
1984	0.70625748390422727
1985	1.1520678846641310
1986	1.2117852878199604
1987	0.64952404651236118
1988	1.3138863721147593
1989	1.2601886341183628
1990	0.70035641166902274
1991	1.2942587264551408
1992	0.15072094808011097
1993	0.95869873163177655
1994	1.2752429978856594
1995	0.89135158653735935
1996	0.88249173723501118
1997	6.4302662119577136E-002
1998	0.53181344775535599
1999	0.85837538355478160
2000	0.77294628904436191
2001	0.51982490344398680
2002	1.0740660754293736
2003	1.2855463334003996
2004	1.3228272357409807
2005	0.75232599432296188
2006	1.1921363724170573
2007	0.27815465385906618
2008	1.2471475785346815
2009	1.1099601468836071
2010	0.84090362136535746
2011	0.39279925831352042
2012	1.1174399571507532
2013	0.57776192162186013
2014	0.46554458273064087
2015	1.1103381245361237
cpt:field=undefined_relodds_A, cpt:nrow=58, cpt:ncol=1, cpt:row=T, cpt:col=station, cpt:missing=-999.00000000000000               
	04.0
cpt:Y	30.751289900000000
cpt:X	-98.669759900000003
1958	8.9839656507966303
1959	0.33637827418527627
1960	1.0741046166075459
1961	1.8027033246314488
1962	0.42526869267566514
1963	0.15187262674629853
1964	0.56504750311238283
1965	0.81058001098363441
1966	0.32011126950905688
1967	0.20327317124788016
1968	9.7221407525054744
1969	0.43903608002303074
1970	21.039002005282846
1971	0.35358675020840830
1972	0.60671458328783812
1973	1.3695446585923607
1974	0.23085450112200834
1975	2.0583018001090601
1976	0.52731171379635244
1977	2.8658344337614094
1978	0.68855097222945372
1979	1.6154252358411871
1980	0.23014908870848425
1981	2.2244844162075106
1982	0.72025920226598383
1983	3.2438189875065961
1984	0.17381110490686255
1985	1.5427944576466375
1986	0.49229231053361910
1987	4.4000775220268391
1988	1.0062078285003122
1989	0.66163567200433737
1990	4.0315651934315788
1991	0.69844403263519372
1992	23.302942679606549
1993	2.5010366021563670
1994	0.63359714097449216
1995	2.8074439036768077
1996	0.23903051405360620
1997	56.264221761377485
1998	5.7326666442748060
1999	2.8095215471800121
2000	0.22277854419791004
2001	5.8562998835308946
2002	0.44713037379846288
2003	1.0793021141985359
2004	0.99548197305516295
2005	3.6255154909216878
2006	0.51596811836465295
2007	12.045826755415447
2008	0.62930219008067512
2009	0.38753961043796481
2010	2.9461210098119821
2011	7.2717161223686586E-002
2012	1.8096988504350833
2013	0.11826343433111322
2014	8.7050627214253121E-002
2015	0.47138748472835662
