xmlns:cpt=http://iri.columbia.edu/CPT/v10/
cpt:nfields=2
cpt:field=undefined, cpt:climit=lower (95.%), cpt:nrow=58, cpt:ncol=1, cpt:row=T, cpt:col=station, cpt:units=none, cpt:missing=-999.00000000000000               
	06.0
cpt:Y	30.751289900000000
cpt:X	-98.669759900000003
1958	3.4821738907777062
1959	2.7845343368249669
1960	2.5195531328842891
1961	2.3894466975422604
1962	2.0984289884707072
1963	2.6875792726380547
1964	2.0301023656290944
1965	3.9680312246056539
1966	3.8317271725428568
1967	2.8490029397381487
1968	3.6285343922345192
1969	3.2009016864862518
1970	3.8112419436124965
1971	2.6597563653175440
1972	3.6169697995440195
1973	2.9869279175871908
1974	3.3275024064722953
1975	3.4633754419663987
1976	2.6464205209852945
1977	3.8698563553061716
1978	2.2717561945242273
1979	3.3338480706787310
1980	3.1802778843109079
1981	3.0366667605543753
1982	2.5452043007136731
1983	3.5375261951998835
1984	1.9359538010646218
1985	2.8617979937266398
1986	3.1050451428406700
1987	3.8920953660592255
1988	3.0590696170823559
1989	2.9798718331554919
1990	3.7444350388210439
1991	2.9800317270905574
1992	4.2666289168112002
1993	3.6329615869207941
1994	3.2683382219997146
1995	3.1659664345542766
1996	1.7816592110212972
1997	3.2150235827863907
1998	2.7660011229865749
1999	2.3836703956452299
2000	2.1762888574333266
2001	3.2108468399746983
2002	2.4544812725682208
2003	2.4264732906254638
2004	3.1797030833492799
2005	3.0742938350921776
2006	2.6072171013795562
2007	3.9563004114461631
2008	2.1446070422119088
2009	2.9831753034114725
2010	3.1742697457491778
2011	1.7521565167780393
2012	2.9835277924899866
2013	2.5736309396030239
2014	3.1966246984213811
2015	3.9193202544073942
cpt:field=undefined, cpt:climit=upper (95.%), cpt:nrow=58, cpt:ncol=1, cpt:row=T, cpt:col=station, cpt:units=none, cpt:missing=-999.00000000000000               
	06.0
cpt:Y	30.751289900000000
cpt:X	-98.669759900000003
1958	8.3499901020208860
1959	7.6063312897286206
1960	7.3713613453325326
1961	7.2551269024243101
1962	7.0016754255572762
1963	7.5159509299504395
1964	6.9447636217958291
1965	8.8988540002334524
1966	8.7191411622505868
1967	7.6675921467314900
1968	8.6101085342483543
1969	8.0659081503789238
1970	8.7073458780516688
1971	7.4898242242480135
1972	8.4699178138457540
1973	7.8085678398370311
1974	8.1507735057426505
1975	8.3275824273805039
1976	7.5157846478813948
1977	8.8032787650006874
1978	7.1501793890686987
1979	8.1678548273842360
1980	8.0030620604984790
1981	7.8897226643026848
1982	7.5971583627600427
1983	8.5560139221982432
1984	6.9207248822183463
1985	7.6815141139302394
1986	7.9410252064777005
1987	9.1481143109000005
1988	7.8745016894261308
1989	7.8106910985285438
1990	8.6583826880119972
1991	7.7974345607065860
1992	9.7573781910376294
1993	8.4873064107635674
1994	8.1194882109164546
1995	7.9862150356892734
1996	6.7481046896740491
1997	8.0504405448927550
1998	7.5918310896354964
1999	7.2697893293510480
2000	7.0811409355550152
2001	8.0337166135178837
2002	7.4039217515053748
2003	7.2812766533040358
2004	7.9976208014775594
2005	7.9405880342983668
2006	7.4503781701805476
2007	8.9820056771927579
2008	7.0403854605288707
2009	7.7986433434751969
2010	8.1155981271740032
2011	6.7262461976507515
2012	7.8493502927990555
2013	7.4149465689193086
2014	8.0139274859981100
2015	8.8428286607541349
