xmlns:cpt=http://iri.columbia.edu/CPT/v10/
cpt:nfields=1
cpt:field=eigenvalues, cpt:nrow=9, cpt:ncol=3, cpt:row=mode, cpt:col=index 
Mode	Eigenvalue	% variance	Cum. % variance
1	5.6807039090783000	63.118932323092231	63.118932323092231
2	1.2970938744311633	14.412154160346262	77.531086483438500
3	0.96055143856245140	10.672793761805018	88.203880245243525
4	0.55878860656286367	6.2087622951429307	94.412642540386457
5	0.21472785553069587	2.3858650614521770	96.798507601838622
6	0.12014063196635993	1.3348959107373328	98.133403512575939
7	9.8717023526288611E-002	1.0968558169587626	99.230259329534718
8	5.6513200780841190E-002	0.62792445312045775	99.858183782655175
9	1.2763459561034422E-002	0.14181621734482694	100.00000000000000
