xmlns:cpt=http://iri.columbia.edu/CPT/v10/
cpt:nfields=1
cpt:field=Predictor_scores, cpt:nrow=28, cpt:ncol=4, cpt:row=T, cpt:col=index 
	1	2	3	4
1983	-4.7690101319420064	-1.2515144777813010	0.83464604542037357	4.1631841869607840E-003
1984	3.0328393336924742	-1.1932706215727817	-0.87211669574116057	-0.49450481888624387
1985	3.2876587069504621	0.76548345177392119	0.23690743156219338	-0.40884031398019782
1986	0.35208460249257190	-0.61785355332632941	-1.0954637744490237	-0.42183160520173202
1987	-2.3707160509942495	-2.2756304994126845E-002	0.42154657404877266	-0.66907895720741728
1988	0.15831517392534936	0.33506123741419452	-1.1227434521204740	1.0469879200211012
1989	4.0189082090102817	-0.27102945699209718	1.1260156312690002	-5.4172183073951094E-002
1990	-0.82054964050085788	0.34823138744566368	0.55051085438106839	-0.62255943158979832
1991	-1.7538006658355934	-0.67243624843669925	-0.95399357627391013	0.37128039675635993
1992	-3.1851653134612770	1.5524727941715026	-0.16516786891135149	0.10154737716304546
1993	-1.8496427884762736	0.11573680981264832	-0.39029241721132474	-0.29680296381435461
1994	-0.71442831421666497	-0.23595469822964904	-1.5926748526631669	-0.52379906974659041
1995	-3.0905981225107513	-0.28965689440653164	0.16785799557848627	-0.28863393382636265
1996	0.45822982169298065	-1.1217866758165935	-0.25557477944920970	0.38841218850243225
1997	-1.0228213592603228	2.6530809723083442	0.36399458465755974	-0.25946587045379826
1998	-4.2442770152817886	0.29767178101526270	-2.6423103506253709E-002	0.53577742278959595
1999	4.8949817535256068	1.8785523912914308	-0.20285242958671773	0.45908000235974172
2000	4.4205450243675708	-0.97452442048580357	0.60990579480921780	0.71216166209189646
2001	0.25692191066853620	0.13179591564714122	2.2008175827885932	-0.17807265590796051
2002	2.7388096634407928	0.55797114350086729	-1.7726240589585593	-0.28454089818926909
2003	-3.0296921986000673	-1.0496510292769181	2.7454773629069503E-002	0.22553782851402637
2004	0.70178270829978173	-0.24248878828873041	-0.22188846308876006	-0.26921732227959161
2005	-1.5469431456628919	0.49745295550151603	4.9658262612523207E-002	0.49046896080566449
2006	0.37171722051271694	-1.0884704669130614	0.14852863790874982	0.71165637924472946
2007	-1.2113437725583183	1.2080843691814300	5.8498994478926369E-002	0.13813596419505011
2008	2.1421840064611430	-0.91621924624878770	1.1476828805050314	-0.36478653872399042
2009	1.6767995321150917	-0.69134541541364591	-0.28746009936667682	-0.42145404976188477
2010	1.0972108521452872	0.29736308911916964	1.0152495276767723	0.37255132601240876
