xmlns:cpt=http://iri.columbia.edu/CPT/v10/
cpt:nfields=1
cpt:field=eigenvalues, cpt:nrow=9, cpt:ncol=3, cpt:row=mode, cpt:col=index 
Mode	Eigenvalue	% variance	Cum. % variance
1	5.0021898263421063	55.579886959356770	55.579886959356770
2	1.6045280824667632	17.828089805186266	73.407976764543037
3	1.0720344898473337	11.911494331637048	85.319471096180081
4	0.52960622879395125	5.8845136532661284	91.203984749446221
5	0.37853943077749991	4.2059936753055567	95.409978424751785
6	0.16772371804986430	1.8635968672207157	97.273575291972492
7	0.11833006806697460	1.3147785340774965	98.588353826049982
8	9.9056019864866340E-002	1.1006224429429599	99.688976268992946
9	2.7992135790635243E-002	0.31102373100705843	100.00000000000000
