xmlns:cpt=http://iri.columbia.edu/CPT/v10/
cpt:nfields=1
cpt:field=Predictor_scores, cpt:nrow=28, cpt:ncol=4, cpt:row=T, cpt:col=index 
	1	2	3	4
1983	-5.9086835479907975	-0.49933318482835815	1.3252790978765256	-0.41509448792715398
1984	1.3514726655809080	-2.0842196896710079	0.33272035429092828	-0.18890442668777474
1985	3.2258905701612131	-0.14697784914521583	-0.43570092662109344	-0.24846406219372635
1986	0.42589633812135697	-1.1945248656222895	-0.20918922827731676	-4.3271170761508083E-002
1987	-3.7659803749072038	0.37186571869451024	-0.53043579915758354	9.1275383802003451E-002
1988	-1.1209547425144886	-0.18259238371836611	0.61287127652806284	-0.21933003621340913
1989	3.4809782729079486	-0.22849206385677745	9.8453505171022901E-002	-0.32074631655038749
1990	-0.66018332155654824	0.32256454210739116	0.30394944388120287	0.16226847475896211
1991	-1.3496792545917025	-0.50616269885107323	-0.55047713309059432	-9.5541656284729728E-002
1992	-2.6130268974863977	1.1785120121214532	-1.7369279574894589	0.34416727129250091
1993	-1.3862260223345846	0.51599752594092085	-0.70605926919384043	-0.75836790133416121
1994	-1.8352994072945437	-1.1412161601403152	-8.3944982889864850E-002	0.44863652607107030
1995	-2.3097201178423830	-2.5130565331015060E-002	9.9558679636521250E-002	0.30590449598615804
1996	0.96865104740484587	-1.0545539768152663	3.9356232636933469E-002	-0.31393634786841590
1997	-2.4213524047830446	1.8791732425878502	0.36134749598666754	-0.93671113237262893
1998	-3.2419678656006781	-0.15853735659813017	0.10624300500890260	0.13976234800377585
1999	4.2728000288543999	6.8194471590923331E-002	0.10931488275040573	-0.31998883548938156
2000	3.1140088981705034	-0.93847180797928209	1.0996906387046697	-0.10910912595876464
2001	1.0092418377138137	1.1870343977291415	0.43918937470871922	1.2105572027330276
2002	2.0925031911540395	-0.26315147834984820	0.33789217433331681	-0.23763319968319299
2003	-1.9604914864443914	-1.1350855881068240	-1.8340048815695786E-002	0.77638038681249022
2004	2.3417329829184110	1.3476440707777468	-1.2540719163232221	-5.0279578277590962E-002
2005	-1.4474834710648605	4.1424486466591547E-002	-0.26727736730754098	-0.35902349472687628
2006	0.26515687032531243	-0.99772757286406000	-0.24885648327601095	0.46538823617440445
2007	-1.3382791865790362	0.32133598412742370	-0.57707585196075628	-5.6262104517585322E-002
2008	3.4039048372723366	-3.9976310028833444E-003	-0.40524170526017500	0.37898235654634332
2009	4.3471464593576306	0.88675527083280170	-0.39492908958548778	-2.2542018875085047E-002
2010	1.0599441010484540	2.4396731499040620	2.1526615977352104	0.37188321354171683
