xmlns:cpt=http://iri.columbia.edu/CPT/v10/
cpt:nfields=1
cpt:field=eigenvalues, cpt:nrow=9, cpt:ncol=3, cpt:row=mode, cpt:col=index 
Mode	Eigenvalue	% variance	Cum. % variance
1	7.4849903900799486	83.166559889777275	83.166559889777275
2	0.97217687136495723	10.801965237388423	93.968525127165691
3	0.33702544483705094	3.7447271648561249	97.713252292021807
4	8.3068650851230066E-002	0.92298500945811268	98.636237301479923
5	5.7129578457496777E-002	0.63477309397218695	99.271010395452109
6	2.7058635358641035E-002	0.30065150398490065	99.571661899437004
7	1.9305909773487333E-002	0.21451010859430386	99.786172008031315
8	1.5529061164314186E-002	0.17254512404793554	99.958717132079244
9	3.7154581128679750E-003	4.1282867920755306E-002	100.00000000000000
