xmlns:cpt=http://iri.columbia.edu/CPT/v10/
cpt:nfields=1
cpt:field=eigenvalues, cpt:nrow=9, cpt:ncol=3, cpt:row=mode, cpt:col=index 
Mode	Eigenvalue	% variance	Cum. % variance
1	5.6263474081243654	62.514971201381854	62.514971201381854
2	1.1714224332541114	13.015804813934574	75.530776015316420
3	0.88590052892580773	9.8433392102867536	85.374115225603177
4	0.64511428995239084	7.1679365550265661	92.542051780629748
5	0.36935674759747533	4.1039638621941714	96.646015642823912
6	0.14064586301096396	1.5627318112329331	98.208747454056834
7	7.0194365784854301E-002	0.77993739760949232	98.988684851666321
8	5.7875992287691691E-002	0.64306658097435221	99.631751432640669
9	3.3142371062339852E-002	0.36824856735933176	100.00000000000000
