xmlns:cpt=http://iri.columbia.edu/CPT/v10/
cpt:nfields=2
cpt:field=undefined, cpt:climit=lower (95.%), cpt:nrow=28, cpt:ncol=1, cpt:row=T, cpt:col=station, cpt:units=none, cpt:missing=-999.00000000000000               
	08.0
cpt:Y	30.751289900000000
cpt:X	-98.669759900000003
1983	2.4364809432942631
1984	2.2949405096633582
1985	2.6180992781736463
1986	1.7055880075181200
1987	2.7820920243737484
1988	3.5102296792791443
1989	2.3968230892254629
1990	3.3739150040222916
1991	2.4381558550969684
1992	2.9131199284388698
1993	2.1692995506930175
1994	1.9987879139761326
1995	2.8519417225257055
1996	2.6566783899819089
1997	3.1142203630474623
1998	2.6369424543317348
1999	3.0379332311139806
2000	2.1976500728898438
2001	2.3511957081108976
2002	3.0877057800520991
2003	2.3224645040125624
2004	2.6281801622840355
2005	2.4511470370319373
2006	2.1458965593090640
2007	3.7682929272535883
2008	1.5120930862385085
2009	2.2161878876928385
2010	3.1011086484651198
cpt:field=undefined, cpt:climit=upper (95.%), cpt:nrow=28, cpt:ncol=1, cpt:row=T, cpt:col=station, cpt:units=none, cpt:missing=-999.00000000000000               
	08.0
cpt:Y	30.751289900000000
cpt:X	-98.669759900000003
1983	6.8526731446574694
1984	6.7113199433860879
1985	6.8553435375649521
1986	6.0984645212117048
1987	7.0747377177314430
1988	7.9995418953708342
1989	6.5935237448679187
1990	7.7456143743827930
1991	6.7228516357421588
1992	7.5218261115984282
1993	6.5791680766409613
1994	6.3172832988134537
1995	7.0825125891097827
1996	7.0830440143088396
1997	7.3094404657638954
1998	6.8827697834424377
1999	7.2247815188004267
2000	6.4675777600829329
2001	6.5643638859894802
2002	7.4972162995896472
2003	6.5771567717277923
2004	6.8223746382826143
2005	6.6055563103189137
2006	6.5326891671520908
2007	8.3565679264645567
2008	6.1685946237273903
2009	6.5810046353180489
2010	7.5320712898556135
