xmlns:cpt=http://iri.columbia.edu/CPT/v10/
cpt:nfields=1
cpt:field=X_loadings, cpt:nrow=9, cpt:ncol=4, cpt:row=station, cpt:col=mode 
Station	Latitude	Longitude	1	2	3	4
prec_1	32.091940000000001	-101.25000000000000	-0.35885472996032564	0.30913732616895501	0.15237941998925436	0.19823756091509398
prec_2	32.091940000000001	-98.437500000000000	-0.34978759488629169	0.15460101763773973	0.22968335694967740	0.66394055240434369
prec_3	29.301359999999999	-101.25000000000000	-0.27306548403657238	0.55240750665993898	6.7891609411696419E-002	-0.59174929720587677
prec_4	29.301359999999999	-98.437500000000000	-0.36087590713498074	0.29744544383682947	0.16167149341670528	1.6317128996267007E-002
st_1	32.091940000000001	-101.25000000000000	0.36502262391378332	0.30569688167834391	0.18600232634212488	-1.3823436215692507E-002
st_2	32.091940000000001	-98.437500000000000	0.35575722774013174	0.35591773181121922	0.17913254030676404	-7.2184293388545567E-002
st_3	29.301359999999999	-101.25000000000000	0.37671050921802318	0.19315541600246783	0.16055141542667095	0.30075251520338364
st_4	29.301359999999999	-98.437500000000000	0.37460732792916818	0.25048030545602862	0.15876904622085991	0.14633123780708962
02.0	30.751289900000000	-98.669759900000003	-4.5050675626023759E-002	-0.40832264204058949	0.88068690580542908	-0.22843985360043903
