xmlns:cpt=http://iri.columbia.edu/CPT/v10/
cpt:nfields=1
cpt:field=eigenvalues, cpt:nrow=9, cpt:ncol=3, cpt:row=mode, cpt:col=index 
Mode	Eigenvalue	% variance	Cum. % variance
1	6.2783451659215155	69.759390732461398	69.759390732461398
2	1.1484322668799718	12.760358520888595	82.519749253350000
3	0.94663325973927626	10.518147330436420	93.037896583786406
4	0.43679001994432815	4.8532224438258762	97.891119027612277
5	0.11997446969553933	1.3330496632837725	99.224168690896036
6	3.8356614616643275E-002	0.42618460685159265	99.650353297747643
7	1.5949213105833037E-002	0.17721347895370071	99.827566776701346
8	1.3250721116147600E-002	0.14723023462386248	99.974797011325208
9	2.2682689807315003E-003	2.5202988674794490E-002	100.00000000000000
