xmlns:cpt=http://iri.columbia.edu/CPT/v10/
cpt:nfields=2
cpt:field=undefined, cpt:climit=lower (95.%), cpt:nrow=28, cpt:ncol=1, cpt:row=T, cpt:col=station, cpt:units=none, cpt:missing=-999.00000000000000               
	09.0
cpt:Y	30.751289900000000
cpt:X	-98.669759900000003
1983	2.9024359370130637
1984	2.4553871756225023
1985	3.1121433858667569
1986	3.4378727972494700
1987	4.2186285633368232
1988	3.8582944165250588
1989	3.1871074148690131
1990	4.3134961108762884
1991	3.3409518307443360
1992	3.9557236623139866
1993	2.8750303005408009
1994	3.5826873083788846
1995	2.7800109693940818
1996	4.2249429722974767
1997	3.2826390184545442
1998	4.1741686767236272
1999	2.7760548684849482
2000	2.4705136143994251
2001	2.9793403143125166
2002	3.4119249341632587
2003	3.0606441155857702
2004	3.7658268108555415
2005	3.3955851838323081
2006	2.1704320976215401
2007	4.7135435221666837
2008	3.2231206845205254
2009	2.5823712538348547
2010	2.3077026034974586
cpt:field=undefined, cpt:climit=upper (95.%), cpt:nrow=28, cpt:ncol=1, cpt:row=T, cpt:col=station, cpt:units=none, cpt:missing=-999.00000000000000               
	09.0
cpt:Y	30.751289900000000
cpt:X	-98.669759900000003
1983	6.5941310177160037
1984	6.3994130833236893
1985	7.0417394614896160
1986	7.2849906507571838
1987	8.2578091666463020
1988	7.5374916588975633
1989	7.0390458037297119
1990	8.3314223469006272
1991	7.2067965358684223
1992	7.9342011114380826
1993	6.6111104610009006
1994	7.5817049952575530
1995	6.5404112637534251
1996	8.0466893021247543
1997	7.4821481173811257
1998	8.4354738077683358
1999	6.5574701141117497
2000	6.2303290100157733
2001	6.8517016941218891
2002	7.1416227607409164
2003	6.8049691193909077
2004	7.4669543273484624
2005	7.2077607571976952
2006	6.1257891146029442
2007	8.7499717505796752
2008	6.8868022326320535
2009	6.4849938014986757
2010	6.4959759902252721
