xmlns:cpt=http://iri.columbia.edu/CPT/v10/
cpt:nfields=1
cpt:field=X_loadings, cpt:nrow=9, cpt:ncol=4, cpt:row=station, cpt:col=mode 
Station	Latitude	Longitude	1	2	3	4
prec_1	32.091940000000001	-101.25000000000000	-0.35234946791101707	-2.5005393725025978E-002	0.32715371176883867	0.32592807494899856
prec_2	32.091940000000001	-98.437500000000000	-0.35080775113843404	-1.2413286083044789E-002	0.41762306034589602	-0.40963824268139948
prec_3	29.301359999999999	-101.25000000000000	-0.34891168251718097	5.5936175248394254E-002	0.22248510123195475	0.69706008959323473
prec_4	29.301359999999999	-98.437500000000000	-0.34677540709613197	0.10015110057719469	0.42342495604454972	-0.36216015692190134
st_1	32.091940000000001	-101.25000000000000	0.35818374637317230	9.4187277107263045E-002	0.23149391268809155	5.6252699742326120E-002
st_2	32.091940000000001	-98.437500000000000	0.35423232433934260	9.0869097958982792E-002	0.33152047752715474	0.21834542088653994
st_3	29.301359999999999	-101.25000000000000	0.35164869817054312	9.0788232991274351E-002	0.42636920259527755	-0.18469086466359458
st_4	29.301359999999999	-98.437500000000000	0.35604795667315836	6.3529284186644108E-002	0.34592487534193916	0.15373324125584220
04.0	30.751289900000000	-98.669759900000003	-8.1167351142040392E-002	0.97808723160735012	-0.15755360909269284	-1.8191710196569028E-002
