xmlns:cpt=http://iri.columbia.edu/CPT/v10/
cpt:nfields=1
cpt:field=eigenvalues, cpt:nrow=9, cpt:ncol=3, cpt:row=mode, cpt:col=index 
Mode	Eigenvalue	% variance	Cum. % variance
1	4.9118706979424402	54.576341088249336	54.576341088249336
2	1.7001125157183079	18.890139063536754	73.466480151786087
3	1.0192155316641898	11.324617018490997	84.791097170277084
4	0.93537409416490080	10.393045490721120	95.184142660998205
5	0.27284158308121592	3.0315731453468437	98.215715806345059
6	8.6715763281869251E-002	0.96350848090965835	99.179224287254726
7	4.2247651782728206E-002	0.46941835314142444	99.648642640396147
8	2.7601422207447723E-002	0.30668246897164136	99.955325109367806
9	4.0207401568974691E-003	4.4674890632194098E-002	100.00000000000000
