xmlns:cpt=http://iri.columbia.edu/CPT/v10/
cpt:nfields=3
cpt:field=undefined_relodds_B, cpt:nrow=28, cpt:ncol=1, cpt:row=T, cpt:col=station, cpt:missing=-999.00000000000000               
	08.0
cpt:Y	30.751289900000000
cpt:X	-98.669759900000003
1983	1.8755441948811447
1984	2.8614557207143076
1985	0.79877062526143638
1986	2.0880659556812668
1987	0.35950590797547882
1988	0.16335852393145012
1989	1.7657066905118917
1990	0.34174728832105761
1991	1.0182703180150843
1992	0.74385628437045592
1993	2.0271404211689759
1994	1.9193816790796332
1995	0.96731115733495499
1996	0.92125635456099619
1997	0.39745012120592488
1998	1.3110106013207390
1999	0.89091096561604410
2000	3.2789548389987755
2001	0.97434800983596959
2002	0.32264720541783010
2003	1.2305803829381414
2004	0.96032356159900789
2005	1.0561624612963132
2006	1.8420179130387344
2007	0.16876611344209408
2008	1.6682651718453765
2009	2.0796174382763581
2010	0.28436596468355768
cpt:field=undefined_relodds_N, cpt:nrow=28, cpt:ncol=1, cpt:row=T, cpt:col=station, cpt:missing=-999.00000000000000               
	08.0
cpt:Y	30.751289900000000
cpt:X	-98.669759900000003
1983	0.78754765703354679
1984	0.62079177542498953
1985	0.83129628141723677
1986	0.73816474297961565
1987	0.66234929219498706
1988	0.37824245680735580
1989	0.81321585730327384
1990	0.63415598449959654
1991	0.92658281154705613
1992	0.80397281952434785
1993	0.71922226474700368
1994	0.79161178487764061
1995	0.90998815366654007
1996	0.89289971521404221
1997	0.69768647931351524
1998	0.85878798649646315
1999	0.87214546085771838
2000	0.62202280652899111
2001	0.88050345683766051
2002	0.58498344776958122
2003	0.87797993975284383
2004	0.90595011490928068
2005	0.74824849388982706
2006	0.79164626300927521
2007	0.38898303915430760
2008	0.85299011493296495
2009	0.72629673165507280
2010	0.50024239142190574
cpt:field=undefined_relodds_A, cpt:nrow=28, cpt:ncol=1, cpt:row=T, cpt:col=station, cpt:missing=-999.00000000000000               
	08.0
cpt:Y	30.751289900000000
cpt:X	-98.669759900000003
1983	0.60937550130832896
1984	0.42285497952016660
1985	1.4541699084019650
1986	0.56293655558104838
1987	2.9856826094921578
1988	6.5268071255769629
1989	0.63865808639347499
1990	3.1722301136649640
1991	1.0582070921363314
1992	1.5853527077515044
1993	0.60462360515730929
1994	0.58637378306836596
1995	1.1313551820851695
1996	1.2050500646173445
1997	2.7124869910193778
1998	0.87208738170972921
1999	1.2688659172082359
2000	0.33000500581668346
2001	1.1582571421254055
2002	3.4762380139036977
2003	0.91551854724053416
2004	1.1438873204826745
2005	1.2370405634845589
2006	0.62117332635851130
2007	6.3111583944991505
2008	0.65334953258238304
2009	0.57678134482640842
2010	4.1621679448122224
