xmlns:cpt=http://iri.columbia.edu/CPT/v10/
cpt:nfields=3
cpt:field=undefined_prob_B, cpt:nrow=28, cpt:ncol=1, cpt:row=T, cpt:col=station, cpt:units=%, cpt:missing=-999.00000000000000               
	04.0
cpt:Y	30.751289900000000
cpt:X	-98.669759900000003
1983	52.978376525233969
1984	85.469717819795733
1985	16.449796012707267
1986	68.411737706910657
1987	20.028700200932022
1988	57.756405275414657
1989	32.589055344517419
1990	14.369160825609669
1991	55.279492136068264
1992	6.9449718062816714
1993	24.224522289823881
1994	60.889518951620509
1995	29.592440526916519
1996	71.876066104170292
1997	1.0794966722672967
1998	33.618241026122163
1999	11.865486032143735
2000	66.788030932912193
2001	13.857718592591127
2002	42.750088435677384
2003	56.344081342215432
2004	45.089096862332248
2005	14.440543717542582
2006	63.496888726699432
2007	9.2161521137378770
2008	56.962708853744836
2009	56.531907537438627
2010	27.093706954450909
cpt:field=undefined_prob_N, cpt:nrow=28, cpt:ncol=1, cpt:row=T, cpt:col=station, cpt:units=%, cpt:missing=-999.00000000000000               
	04.0
cpt:Y	30.751289900000000
cpt:X	-98.669759900000003
1983	25.893847527309404
1984	10.490276988206769
1985	24.627405266899501
1986	20.387519441063745
1987	26.028664130885794
1988	25.156053893569773
1989	28.955689158540814
1990	23.404694969841117
1991	25.721152207702538
1992	14.605894544847587
1993	27.929165014382200
1994	23.415316083732769
1995	29.383100510645257
1996	18.585519153492093
1997	3.3172172876705446
1998	28.361861948509592
1999	19.336396263623016
2000	20.342953655251002
2001	22.228854939517944
2002	27.309077041666754
2003	25.312665869444260
2004	29.021249964024161
2005	23.277514838353980
2006	22.457440091458928
2007	18.219958775725132
2008	22.937960854276032
2009	25.234507487548463
2010	28.813124126908875
cpt:field=undefined_prob_A, cpt:nrow=28, cpt:ncol=1, cpt:row=T, cpt:col=station, cpt:units=%, cpt:missing=-999.00000000000000               
	04.0
cpt:Y	30.751289900000000
cpt:X	-98.669759900000003
1983	21.127775947456627
1984	4.0400051919974933
1985	58.922798720393232
1986	11.200742852025600
1987	53.942635668182184
1988	17.087540831015570
1989	38.455255496941767
1990	62.226144204549215
1991	18.999355656229199
1992	78.449133648870742
1993	47.846312695793920
1994	15.695164964646722
1995	41.024458962438224
1996	9.5384147423376096
1997	95.603286040062159
1998	38.019897025368245
1999	68.798117704233249
2000	12.869015411836813
2001	63.913426467890929
2002	29.940834522655862
2003	18.343252788340308
2004	25.889653173643591
2005	62.281941444103438
2006	14.045671181841641
2007	72.563889110536991
2008	20.099330291979133
2009	18.233584975012910
2010	44.093168918640217
