xmlns:cpt=http://iri.columbia.edu/CPT/v10/
cpt:nfields=3
cpt:field=undefined_prob_B, cpt:nrow=58, cpt:ncol=1, cpt:row=T, cpt:col=station, cpt:units=%, cpt:missing=-999.00000000000000               
	02.0
cpt:Y	30.751289900000000
cpt:X	-98.669759900000003
1958	3.7211195837832491
1959	27.499607693714438
1960	8.1884248020111556
1961	2.9726531430015655
1962	43.021714488955709
1963	64.093209952174220
1964	59.529018699040428
1965	40.853625521295768
1966	42.766767009016448
1967	56.893565338890717
1968	9.9263010982937772E-002
1969	52.246800087010598
1970	6.2581369310387345
1971	65.437165787659126
1972	18.202542609226555
1973	22.916287050015669
1974	33.339767489654122
1975	10.821558982551821
1976	33.400270462021965
1977	9.9640967844191977
1978	28.015368242750426
1979	26.925725033190105
1980	36.002436960926389
1981	34.482002649490937
1982	20.687307377752333
1983	29.401141671500682
1984	59.165456250804901
1985	0.45636006347886848
1986	35.122561358371755
1987	2.5756531784315797
1988	17.602596716650993
1989	42.761485463944162
1990	38.244577941439061
1991	19.363389502957659
1992	0.74680579041105943
1993	9.4314539892238543
1994	28.472805598618706
1995	14.126806962704649
1996	45.332057812488188
1997	31.693772764770145
1998	12.735868618387400
1999	44.871528167731590
2000	68.009805461464282
2001	5.8686138166076347
2002	17.611083628570697
2003	31.824422762546760
2004	33.142654030437058
2005	13.352308129986298
2006	51.489881569666551
2007	49.130634352507130
2008	38.689107645098709
2009	65.878740781521117
2010	10.759757639286875
2011	62.759052210593872
2012	61.897292016405913
2013	69.005704239235399
2014	69.858913183649932
2015	71.887535405706984
cpt:field=undefined_prob_N, cpt:nrow=58, cpt:ncol=1, cpt:row=T, cpt:col=station, cpt:units=%, cpt:missing=-999.00000000000000               
	02.0
cpt:Y	30.751289900000000
cpt:X	-98.669759900000003
1958	15.103429933539545
1959	35.930415254028013
1960	23.522940956803680
1961	13.209276853135819
1962	34.672021928779436
1963	25.986580358255573
1964	28.275202594849567
1965	35.194599440610574
1966	34.317958464988756
1967	29.561703050587383
1968	0.92221550587835566
1969	30.741669345062807
1970	20.828452302892089
1971	25.055546974931538
1972	32.766633238903573
1973	34.669398194152507
1974	35.687265393449536
1975	26.991110723909223
1976	35.974377612089313
1977	25.075981192598022
1978	36.022928029109281
1979	35.836859208616261
1980	35.915987940866287
1981	36.119313660129436
1982	34.327360098581821
1983	34.744060930683681
1984	28.619833254017394
1985	3.2521774082828472
1986	35.686783234880778
1987	12.053211670721211
1988	32.771690039889059
1989	34.026132074791150
1990	35.469389487738965
1991	33.691831444370429
1992	4.9649844913725474
1993	25.602070378403695
1994	35.963677272860295
1995	30.296634946068949
1996	34.069874692643509
1997	34.915002904930716
1998	28.938275836692640
1999	33.227706838230105
2000	23.181676246208724
2001	19.923006893658027
2002	32.096653537813332
2003	35.943864400906492
2004	36.360605193697040
2005	28.880865862693817
2006	31.932737410679760
2007	32.683202316465980
2008	35.155200619488156
2009	25.028390627729863
2010	24.152182819567699
2011	26.279485266362272
2012	27.154628527145139
2013	23.153624386303552
2014	22.398551278892647
2015	21.118180735579795
cpt:field=undefined_prob_A, cpt:nrow=58, cpt:ncol=1, cpt:row=T, cpt:col=station, cpt:units=%, cpt:missing=-999.00000000000000               
	02.0
cpt:Y	30.751289900000000
cpt:X	-98.669759900000003
1958	81.175450482677206
1959	36.569977052257549
1960	68.288634241185164
1961	83.818070003862616
1962	22.306263582264855
1963	9.9202096895702052
1964	12.195778706110005
1965	23.951775038093658
1966	22.915274525994796
1967	13.544731610521902
1968	98.978521483138707
1969	17.011530567926595
1970	72.913410766069177
1971	9.5072872374093436
1972	49.030824151869872
1973	42.414314755831825
1974	30.972967116896342
1975	62.187330293538956
1976	30.625351925888726
1977	64.959922022982781
1978	35.961703728140293
1979	37.237415758193634
1980	28.081575098207324
1981	29.398683690379624
1982	44.985332523665846
1983	35.854797397815638
1984	12.214710495177703
1985	96.291462528238284
1986	29.190655406747467
1987	85.371135150847209
1988	49.625713243459948
1989	23.212382461264692
1990	26.286032570821970
1991	46.944779052671912
1992	94.288209718216393
1993	64.966475632372450
1994	35.563517128520999
1995	55.576558091226403
1996	20.598067494868307
1997	33.391224330299139
1998	58.325855544919960
1999	21.900764994038305
2000	8.8085182923269993
2001	74.208379289734339
2002	50.292262833615972
2003	32.231712836546748
2004	30.496740775865899
2005	57.766826007319885
2006	16.577381019653689
2007	18.186163331026890
2008	26.155691735413132
2009	9.0928685907490223
2010	65.088059541145427
2011	10.961462523043854
2012	10.948079456448948
2013	7.8406713744610483
2014	7.7425355374574165
2015	6.9942838587132252
