xmlns:cpt=http://iri.columbia.edu/CPT/v10/
cpt:nfields=1
cpt:field=X_loadings, cpt:nrow=9, cpt:ncol=4, cpt:row=station, cpt:col=mode 
Station	Latitude	Longitude	1	2	3	4
prec_1	32.091940000000001	-101.25000000000000	-0.35719408062585678	0.25760049786822248	-0.26661537824218773	0.16582869826484084
prec_2	32.091940000000001	-98.437500000000000	-0.34638290405154315	0.21781225267434995	-8.1923993732263903E-002	0.63664521197521007
prec_3	29.301359999999999	-101.25000000000000	-0.30215809410108985	0.31008745015538314	-0.42214464908589155	-0.61892834562190313
prec_4	29.301359999999999	-98.437500000000000	-0.36186896452243600	0.26399295725745597	-0.17889506423718243	0.13995900880244086
st_1	32.091940000000001	-101.25000000000000	0.36178369755971462	0.28337351258033927	-0.23308093320769849	7.3339605754114134E-003
st_2	32.091940000000001	-98.437500000000000	0.35039381224616001	0.33160841357396786	-0.26096609656621722	-0.11650501660345136
st_3	29.301359999999999	-101.25000000000000	0.37116960888883910	0.19443397811377147	-0.13350278359820483	0.33620195901679290
st_4	29.301359999999999	-98.437500000000000	0.37089233920425679	0.23881839382165912	-0.17579234436672286	0.14053884425622432
01.0	30.751289900000000	-98.669759900000003	-3.4515763179293356E-002	0.65973465362954586	0.73541769357764120	-0.13458367612196831
