xmlns:cpt=http://iri.columbia.edu/CPT/v10/
cpt:nfields=1
cpt:field=eigenvalues, cpt:nrow=9, cpt:ncol=3, cpt:row=mode, cpt:col=index 
Mode	Eigenvalue	% variance	Cum. % variance
1	6.7577676223872079	75.086306915413431	75.086306915413431
2	1.0028859116770110	11.143176796411232	86.229483711824656
3	0.70608926958583118	7.8454363287314566	94.074920040556108
4	0.36135158085502422	4.0150175650558246	98.089937605611922
5	9.6798938893955647E-002	1.0755437654883961	99.165481371100327
6	4.7678425477550843E-002	0.52976028308389822	99.695241654184230
7	1.4993849788148602E-002	0.16659833097942889	99.861839985163641
8	1.1358688717775997E-002	0.12620765241973331	99.988047637583378
9	1.0757126174964786E-003	1.1952362416627539E-002	100.00000000000000
