xmlns:cpt=http://iri.columbia.edu/CPT/v10/
cpt:nfields=1
cpt:field=X_loadings, cpt:nrow=9, cpt:ncol=4, cpt:row=station, cpt:col=mode 
Station	Latitude	Longitude	1	2	3	4
prec_1	32.091940000000001	-101.25000000000000	-0.33819575841406635	-5.2718508646020221E-002	0.50203570024309363	-8.1899299638803574E-002
prec_2	32.091940000000001	-98.437500000000000	-0.34623142938071128	-7.2227944144370365E-002	0.38446551732091522	-0.61794649951439173
prec_3	29.301359999999999	-101.25000000000000	-0.34912540173425016	-2.5373080121373463E-002	0.36272107306288587	0.64837455938471256
prec_4	29.301359999999999	-98.437500000000000	-0.35978978133950074	-2.5468122772183185E-002	0.11564717841381811	0.19299068079571116
st_1	32.091940000000001	-101.25000000000000	0.36110584697083037	-5.0747522511848484E-002	0.27717934548784973	0.21681456595096579
st_2	32.091940000000001	-98.437500000000000	0.36003936298625527	-2.8336211184727112E-002	0.31266980567184732	0.23989698919876534
st_3	29.301359999999999	-101.25000000000000	0.35913595316442820	-7.8300795890226205E-002	0.32377630820523406	-0.17311528685385152
st_4	29.301359999999999	-98.437500000000000	0.35371933549950935	-5.9376213403752376E-002	0.39530615344752273	-0.13514994535169883
10.0	30.751289900000000	-98.669759900000003	1.6982833382316233E-002	0.98877533504726278	0.13970227378674940	-3.1719467509315737E-002
