xmlns:cpt=http://iri.columbia.edu/CPT/v10/
cpt:nfields=2
cpt:field=undefined, cpt:climit=lower (95.%), cpt:nrow=58, cpt:ncol=1, cpt:row=T, cpt:col=station, cpt:units=none, cpt:missing=-999.00000000000000               
	11.0
cpt:Y	30.751289900000000
cpt:X	-98.669759900000003
1958	3.9513003388062291
1959	4.7578562244517091
1960	3.8299836954000490
1961	3.7098420003440316
1962	3.2942778698319684
1963	3.1909224578179196
1964	3.9813819244590190
1965	3.5210076352949509
1966	3.6939251461319751
1967	3.1619013178429665
1968	3.3613137055482625
1969	4.9557832062225060
1970	3.4069982789733406
1971	4.6135203824150777
1972	3.7653229842205649
1973	4.9175174541734776
1974	4.2164988624947259
1975	3.8164841400185345
1976	4.0601721322859259
1977	3.6139709499359665
1978	3.5820609702910944
1979	3.4061090186759211
1980	4.0573222740608044
1981	4.7521998197455941
1982	3.4863072950744076
1983	3.1663486936288168
1984	3.7281591193864321
1985	4.5954423299238520
1986	4.6667312286473681
1987	4.0017010656236200
1988	3.5155560054291435
1989	3.4443274801010375
1990	3.9550785414729122
1991	3.8512138229234711
1992	3.7853366431202757
1993	3.5145465895894197
1994	3.7904524016632477
1995	3.5290828195169595
1996	4.9147955878748419
1997	3.9255078803841554
1998	3.7109498040448661
1999	3.2603555384802956
2000	4.6070697076253389
2001	3.5965761567988697
2002	3.8837865511687499
2003	4.1190887698502312
2004	3.7266219375488747
2005	3.4200918278535828
2006	3.3651523308349143
2007	3.7363748493770381
2008	3.2917685957068943
2009	3.8354979737942481
2010	3.0387952113955690
2011	3.3634285476242956
2012	3.0716612458771166
2013	3.6315797066846307
2014	3.1563469787980578
2015	3.5170640471218246
cpt:field=undefined, cpt:climit=upper (95.%), cpt:nrow=58, cpt:ncol=1, cpt:row=T, cpt:col=station, cpt:units=none, cpt:missing=-999.00000000000000               
	11.0
cpt:Y	30.751289900000000
cpt:X	-98.669759900000003
1958	7.1396086512785342
1959	8.0369618033250294
1960	7.0617410122657276
1961	6.8951160049029498
1962	6.4949564210586095
1963	6.4249302661342700
1964	7.2291563451631049
1965	6.7936603345737074
1966	6.8651865383838357
1967	6.3807276333093768
1968	6.5545902004486098
1969	8.2740372440239813
1970	6.6846254265571705
1971	7.8753697718762679
1972	7.1017977421106755
1973	8.2946304356406309
1974	7.4146650980203841
1975	6.9909712220657507
1976	7.2680007802786353
1977	6.8643680656104866
1978	6.7722723238139633
1979	6.6054031804219226
1980	7.2831490485244723
1981	8.1281127465472629
1982	6.7453666172188154
1983	6.3791559310684809
1984	6.9069002553605516
1985	7.8288427612437594
1986	7.9611034786728201
1987	7.2514889289239735
1988	6.7496043614307037
1989	6.6489690631447118
1990	7.1833807023802541
1991	7.0313183791705285
1992	7.0554799344872343
1993	6.8281439737712759
1994	6.9635378224534650
1995	6.7398569515970852
1996	8.2934316297479747
1997	7.2124530360303760
1998	6.9491469725532475
1999	6.5005590586532183
2000	7.9174409035018503
2001	6.7911475157505290
2002	7.0987886092192873
2003	7.3776494158566397
2004	6.9122301510586999
2005	6.6257860565304192
2006	6.5804190745084226
2007	7.0159739584955823
2008	6.5123710802330912
2009	7.0166947210313824
2010	6.3440154784474680
2011	6.6107503781400059
2012	6.3563163463413073
2013	6.8234289298215707
2014	6.5699830925235263
2015	6.8243760599083600
