xmlns:cpt=http://iri.columbia.edu/CPT/v10/
cpt:nfields=1
cpt:field=eigenvalues, cpt:nrow=9, cpt:ncol=3, cpt:row=mode, cpt:col=index 
Mode	Eigenvalue	% variance	Cum. % variance
1	7.2027846395320099	80.030940439244574	80.030940439244574
2	1.0096555632319129	11.218395147021255	91.249335586265815
3	0.54429402214244849	6.0477113571383176	97.297046943404141
4	0.10341205437455168	1.1490228263839077	98.446069769788039
5	9.6360591136658638E-002	1.0706732348517629	99.516743004639807
6	2.1094797888540771E-002	0.23438664320600860	99.751129647845815
7	1.4040142490452557E-002	0.15600158322725066	99.907131231073066
8	7.3642484503715806E-003	8.1824982781906475E-002	99.988956213854976
9	9.9394075305257279E-004	1.1043786145028588E-002	100.00000000000000
