xmlns:cpt=http://iri.columbia.edu/CPT/v10/
cpt:nfields=1
cpt:field=X_loadings, cpt:nrow=9, cpt:ncol=4, cpt:row=station, cpt:col=mode 
Station	Latitude	Longitude	1	2	3	4
prec_1	32.091940000000001	-101.25000000000000	-0.34682446003147527	0.10165358124767911	-0.46938086867957984	-5.7184555326595825E-002
prec_2	32.091940000000001	-98.437500000000000	-0.33305790522899281	9.1257923660379908E-002	-0.51663051036808738	-0.48040449490252524
prec_3	29.301359999999999	-101.25000000000000	-0.32233249701272898	0.33887487970438618	-3.0637958438254648E-002	0.71868179670237697
prec_4	29.301359999999999	-98.437500000000000	-0.35196804730835612	0.26552257369039484	-0.16147417893233018	0.12926001460597056
st_1	32.091940000000001	-101.25000000000000	0.35146997542560532	0.29656975356217807	-0.15944797533126062	8.8566112211704073E-002
st_2	32.091940000000001	-98.437500000000000	0.34064200706563308	0.35654465288795928	-0.21462715947549382	0.18292497521781309
st_3	29.301359999999999	-101.25000000000000	0.35238547770845063	0.25543384458258372	-0.19290328141208438	-0.19171142117288864
st_4	29.301359999999999	-98.437500000000000	0.35156309233678640	0.29630151195854737	-0.19865979487265967	-5.3554374268210213E-002
14.0	30.751289900000000	-98.669759900000003	-0.23165756481332112	0.65412642231972185	0.58103016824870979	-0.38961895336358299
