xmlns:cpt=http://iri.columbia.edu/CPT/v10/
cpt:nfields=1
cpt:field=X_loadings, cpt:nrow=9, cpt:ncol=4, cpt:row=station, cpt:col=mode 
Station	Latitude	Longitude	1	2	3	4
prec_1	32.091940000000001	-101.25000000000000	-0.34342529205899441	-0.15871805209160367	0.45188636004157462	-0.10286674925951012
prec_2	32.091940000000001	-98.437500000000000	-0.34421139264993450	-0.10899872307437611	0.39218676171582545	0.68909119189596291
prec_3	29.301359999999999	-101.25000000000000	-0.34861408651236075	-0.12755549904610822	0.29031248045123620	-0.68866505735451344
prec_4	29.301359999999999	-98.437500000000000	-0.35622607232827025	-8.5093947837962577E-002	0.18006172274370863	2.8345086563584164E-002
st_1	32.091940000000001	-101.25000000000000	0.36137435674468843	-0.12177490805505942	0.25486559423903765	-5.2128464269585097E-002
st_2	32.091940000000001	-98.437500000000000	0.36051753085801441	-0.11252631516383051	0.29181818829121708	-0.14029364154300236
st_3	29.301359999999999	-101.25000000000000	0.35793020087097283	-0.11605009244765752	0.33289258635245417	0.12491244040296694
st_4	29.301359999999999	-98.437500000000000	0.35562370563444118	-0.11048316054888993	0.39246482625742823	-9.7430274320804006E-003
10.0	30.751289900000000	-98.669759900000003	-1.4918276070257433E-003	0.94140906117091405	0.33215096145873807	-3.7563665946238618E-002
