xmlns:cpt=http://iri.columbia.edu/CPT/v10/
cpt:nfields=3
cpt:field=undefined_relodds_B, cpt:nrow=28, cpt:ncol=1, cpt:row=T, cpt:col=station, cpt:missing=-999.00000000000000               
	12.0
cpt:Y	30.751289900000000
cpt:X	-98.669759900000003
1983	1.8976480868415144
1984	1.5207552290606361
1985	0.82353778559787560
1986	0.35367493290902852
1987	0.86355637912608751
1988	2.5402864565548282
1989	1.1238982748682376
1990	0.77429119147084657
1991	0.38696135677006305
1992	0.78724737296598268
1993	1.0558948392088496
1994	0.43401871665742969
1995	2.0864645105961137
1996	0.56116701075659947
1997	0.49404322028262326
1998	1.5231963337968908
1999	2.4045120067035355
2000	0.21222163254150456
2001	0.25143224210592718
2002	0.81644056117254749
2003	1.0694428550905870
2004	0.25639137788160066
2005	2.1936125685903169
2006	1.0109653040466338
2007	0.91906083147010476
2008	2.3520047586139445
2009	0.34843156348810045
2010	3.4664743590210283
cpt:field=undefined_relodds_N, cpt:nrow=28, cpt:ncol=1, cpt:row=T, cpt:col=station, cpt:missing=-999.00000000000000               
	12.0
cpt:Y	30.751289900000000
cpt:X	-98.669759900000003
1983	0.73468792160548013
1984	0.78758222949084900
1985	0.79825732014157069
1986	0.56967490081898065
1987	0.73287944246708714
1988	0.63527505607490864
1989	0.81727365285782194
1990	0.77232958574631771
1991	0.56908069189056865
1992	0.74482933392628226
1993	0.78740085188068742
1994	0.63122032824359220
1995	0.71178246294856462
1996	0.69377252675697243
1997	0.65552399024960362
1998	0.71950669682945556
1999	0.67063645543922124
2000	0.34636735832936771
2001	0.45045957667091957
2002	0.76279027290526602
2003	0.81958678594516121
2004	0.42195072534135664
2005	0.69599276525609222
2006	0.76577250384318374
2007	0.75930334709642766
2008	0.68189024405552623
2009	0.53820410447408196
2010	0.54870669363242108
cpt:field=undefined_relodds_A, cpt:nrow=28, cpt:ncol=1, cpt:row=T, cpt:col=station, cpt:missing=-999.00000000000000               
	12.0
cpt:Y	30.751289900000000
cpt:X	-98.669759900000003
1983	0.64716529859697891
1984	0.79926823907317890
1985	1.4665757057145190
1986	3.3769740610526826
1987	1.5103796173682300
1988	0.49823531337306581
1989	1.0775475874467582
1990	1.5862847914146034
1991	3.2134104084228028
1992	1.6113897091768430
1993	1.1846479251594360
1994	2.7822858594679754
1995	0.58713103847757298
1996	2.1959263187210034
1997	2.4949653560333380
1998	0.86982685622235378
1999	0.50930000590278002
2000	6.2118659316815901
2001	4.7681174925345626
2002	1.5337063243553539
2003	1.1294391242194894
2004	4.9481038763199860
2005	0.56002467836067893
2006	1.2645816818241533
2007	1.3896725601891093
2008	0.51667610711380962
2009	3.5492498109130741
2010	0.35454294112067009
