xmlns:cpt=http://iri.columbia.edu/CPT/v10/
cpt:nfields=1
cpt:field=X_loadings, cpt:nrow=9, cpt:ncol=4, cpt:row=station, cpt:col=mode 
Station	Latitude	Longitude	1	2	3	4
prec_1	32.091940000000001	-101.25000000000000	-0.35365954995466042	4.9966643875376263E-002	0.33572587418868632	0.23680141371126709
prec_2	32.091940000000001	-98.437500000000000	-0.30998989389746728	3.4642577025998877E-002	0.72832620330177200	-0.21111850719493389
prec_3	29.301359999999999	-101.25000000000000	-0.31441354767015933	0.10326728879123866	-0.18081130512965141	0.78180047529140295
prec_4	29.301359999999999	-98.437500000000000	-0.36367386559313652	4.5710005231935198E-002	0.21680013823750441	0.13877017984597267
st_1	32.091940000000001	-101.25000000000000	0.37031154699627394	0.10352129059245352	0.16061090644983456	0.26883104793817203
st_2	32.091940000000001	-98.437500000000000	0.36254683984401159	0.15618235408993217	0.16058232627245417	0.36495096914193437
st_3	29.301359999999999	-101.25000000000000	0.36941581683518793	6.9397390487288740E-002	0.32908746259275645	2.9529221603724662E-002
st_4	29.301359999999999	-98.437500000000000	0.36789008240883014	0.10760932802972641	0.31412430275265774	0.14830129040857881
12.0	30.751289900000000	-98.669759900000003	-8.5642381744527138E-002	0.96542443423800806	-0.13630432342550991	-0.20139595459004905
