xmlns:cpt=http://iri.columbia.edu/CPT/v10/
cpt:nfields=1
cpt:field=Predictor_scores, cpt:nrow=28, cpt:ncol=4, cpt:row=T, cpt:col=index 
	1	2	3	4
1983	-0.33307125602428717	-1.5195967114479734	7.4171337377080371E-002	0.14907937003794461
1984	1.0497477899491006	-1.0911182972127511E-002	0.15892476796922572	-0.15890735314785659
1985	-1.3013653587321137	1.6120133495236635	-0.40689653286478034	-0.14829797564316066
1986	-4.1123729757824936	1.3761700633294198	-0.53147911927485336	0.30356654058829202
1987	-2.9798883031332495	4.0173038104618364E-002	-0.89104985822125737	-9.2353651110895357E-002
1988	3.1087870865861920	-5.8026494166017906E-002	0.38757359858601292	-0.27279283938310533
1989	0.35679264511996672	-0.81177929122542192	0.52739048795828058	0.29792871535502419
1990	-3.4807814391274983	-0.22311739480735288	0.56285014434874348	-0.22418988318456359
1991	-1.4093965979998875	-0.15768811465618962	0.35139442302643481	-0.46153970977642628
1992	-3.9886676541860600	-0.75202598762850026	0.65458894244064414	1.3031838972282064
1993	-1.8424447065143563	-0.83414090175796651	-1.3295165181196098	-4.4007817132210372E-002
1994	-1.1500571667106627	-0.24716541758677807	8.8036502153762783E-002	-0.14996807007625454
1995	3.1404283105527164	-8.9649011744672755E-002	-0.20191695369032059	0.23300912222070846
1996	-0.70721029267191982	2.6125792687357192	0.48469265450533683	-0.24380333024696937
1997	-4.7153220783580680	-0.36987862710962188	-0.38766909199781219	-0.82711767657075508
1998	4.1316658308368996	0.52361412219215198	-0.26544491365349376	-6.5631843355433497E-002
1999	3.0948605327310643	-0.68509472870324495	0.25653200627009431	0.30990951276337791
2000	2.1073836112272288	2.3033030740973262	-7.8177258807159755E-002	0.39809368387391719
2001	-0.58475393973680678	-0.61349851956803070	-0.75034641075242969	0.66109895008848052
2002	-2.6164534727504756	-0.23356158447227063	0.62043907738147797	-0.11850125013105570
2003	-0.61118335964986381	0.65033267974078313	0.80680311003426541	0.29032714326706011
2004	-1.9875667455092636	-0.52214778512334603	0.11371748920239270	-0.10002997553819887
2005	0.94058385903632991	-0.70223571549763775	0.57323415661974231	-0.24526179557759781
2006	1.1410355902418039	-0.76488616259190478	0.72051420700719027	-0.66856088661295987
2007	4.2358801471596381	0.64560549954364022	0.26543682217252884	0.11337989181229351
2008	2.8459190349594925	-0.62181863933035686	-0.40683876520218282	-0.26325653355632395
2009	0.68296721799689464	0.18527204484000731	-0.68974132586582171	-2.6871058395362440E-002
2010	4.9844836904901086	-0.73184086971792273	-0.70722297860324412	5.1514822203920771E-002
