Year,Month,Season,Obs,M1,M2
1984,01,1,104.8,100.85,117.179
1984,02,1,95.0,116.705,130.777
1984,03,2,73.6,314.18,156.395
1984,04,2,51.7,103.072,140.482
1984,05,2,41.0,139.397,136.402
1984,06,3,35.0,125.762,124.03
1984,07,3,58.9,278.812,92.7152
1984,08,3,23.8,66.1687,56.4058
1984,09,4,16.7,176.454,56.2195
1984,10,4,205.3,59.5859,119.79
1984,11,4,134.2,271.985,310.364
1984,12,1,1634,186.468,178.851
1985,01,1,1506,618.722,572.207
1985,02,1,422.8,3611.6,2404.98
1985,03,2,438.6,392.59,424.507
1985,04,2,213.1,313.729,543.77
1985,05,2,340.8,316.073,355.492
1985,06,3,116.0,204.949,468.28
1985,07,3,132.1,267.792,159.359
1985,08,3,56.0,94.9506,53.0642
1985,09,4,87.3,216.922,103.604
1985,10,4,1219,141.082,207.612
1985,11,4,183.7,997.427,225.089
1985,12,1,138.9,145.822,168.141
1986,01,1,143.4,168.18,165.461
1986,02,1,479.5,197.904,133.829
1986,03,2,144.2,390.268,249.661
1986,04,2,105.8,139.84,144.71
1986,05,2,156.6,233.575,155.195
1986,06,3,699.9,328.427,311.817
1986,07,3,70.1,330.223,177.697
1986,08,3,78.2,58.3509,63.9926
1986,09,4,671.0,183.49,141.545
1986,10,4,1324,354.434,446.554
1986,11,4,494.0,1166.79,573.122
1986,12,1,830.5,404.102,561.868
1987,01,1,538.2,500.545,505.596
1987,02,1,504.2,746.298,922.802
1987,03,2,511.0,704.439,719.167
1987,04,2,346.4,308.375,249.432
1987,05,2,539.3,355.714,298.734
1987,06,3,2892,326.688,397.52
1987,07,3,560.3,877.935,758.169
1987,08,3,361.1,163.855,175.943
1987,09,4,725.8,385.543,260.325
1987,10,4,329.7,367.083,974.22
1987,11,4,343.5,435.101,1156.38
1987,12,1,306.1,266.616,524.118
1988,01,1,272.1,267.093,258.418
1988,02,1,257.5,339.565,541.78
1988,03,2,225.8,301.09,290.117
1988,04,2,190.3,169.681,186.995
1988,05,2,261.5,230.1,207.756
1988,06,3,246.2,308.501,522.15
1988,07,3,1796,162.94,398.533
1988,08,3,214.5,507.828,341.698
1988,09,4,168.7,286.644,290.343
1988,10,4,157.2,214.754,181.237
1988,11,4,173.1,169.594,55.8812
1988,12,1,188.3,143.097,181.303
1989,01,1,225.8,215.084,191.323
1989,02,1,338.9,159.932,396.648
1989,03,2,241.2,224.024,354.138
1989,04,2,188.1,240.253,189.382
1989,05,2,412.8,193.69,199.968
1989,06,3,222.2,296.805,339.136
1989,07,3,101.8,172.567,227.959
1989,08,3,111.7,54.9999,72.2126
1989,09,4,128.0,201.45,104.998
1989,10,4,108.1,209.474,246.356
1989,11,4,176.4,175.701,90.7848
1989,12,1,191.4,195.686,91.8581
1990,01,1,156.9,172.244,194.746
1990,02,1,214.2,208.915,338.155
1990,03,2,582.7,324.326,385.91
1990,04,2,278.4,361.22,275.954
1990,05,2,1983,279.966,219.562
1990,06,3,158.5,741.559,352.224
1990,07,3,629.3,129.24,567.317
1990,08,3,294.3,237.96,187.258
1990,09,4,1008,405.884,590.703
1990,10,4,255.9,469.649,407.388
1990,11,4,242.2,314.757,251.422
1990,12,1,197.2,208.032,201.198
1991,01,1,223.4,181.567,194.384
1991,02,1,188.9,302.204,380.783
1991,03,2,156.8,275.593,234.584
1991,04,2,181.5,167.529,232.475
1991,05,2,228.6,182.026,163.338
1991,06,3,225.1,286.712,196.423
1991,07,3,166.5,174.469,73.4776
1991,08,3,110.6,126.804,79.8285
1991,09,4,398.8,196.4,236.425
1991,10,4,223.5,351.294,262.158
1991,11,4,228.2,315.206,284.778
1991,12,1,3179,333.55,323.491
1992,01,1,842.8,2235.84,2069.73
1992,02,1,3754,779.196,411.946
1992,03,2,1227,738.113,1791.56
1992,04,2,700.3,400.674,459.857
1992,05,2,674.8,797.216,576.725
1992,06,3,1363,3130.56,202.069
1992,07,3,407.6,292.512,1141.95
1992,08,3,233.5,140.684,209.83
1992,09,4,452.1,335.936,200.796
1992,10,4,189.6,374.543,255.314
1992,11,4,385.4,411.224,455.635
1992,12,1,370.7,374.286,628.904
1993,01,1,326.9,293.319,337.059
1993,02,1,437.7,376.88,488.56
1993,03,2,376.7,326.19,1181.13
1993,04,2,376.2,270.874,304.339
1993,05,2,255.6,386.08,376.8
1993,06,3,203.8,1590.77,502.349
1993,07,3,82.6,228.618,87.2898
1993,08,3,59.0,45.6276,71.9968
1993,09,4,172.6,120.33,222.185
1993,10,4,137.0,315.843,232.901
1993,11,4,142.5,277.95,304.692
1993,12,1,158.2,256.136,297.793
1994,01,1,171.4,151.931,206.888
1994,02,1,193.1,281.859,188.344
1994,03,2,174.0,262.826,208.606
1994,04,2,110.3,159.344,146.856
1994,05,2,556.2,178.042,204.186
1994,06,3,191.3,254.297,288.715
1994,07,3,75.0,256.026,71.6879
1994,08,3,119.8,32.3215,53.6584
1994,09,4,298.9,263.418,162.033
1994,10,4,205.5,345.533,708.851
1994,11,4,255.8,302.773,192.018
1994,12,1,303.5,380.438,744.965
1995,01,1,253.6,257.73,245.913
1995,02,1,189.1,435.35,290.078
1995,03,2,384.6,392.195,348.684
1995,04,2,230.8,261.033,259.8
1995,05,2,435.4,320.937,315.734
1995,06,3,330.0,308.733,346.817
1995,07,3,132.2,185.71,63.5244
1995,08,3,55.8,122.066,161.17
1995,09,4,313.1,97.3811,121.033
1995,10,4,165.2,191.262,165.477
1995,11,4,145.1,220.46,297.364
1995,12,1,136.2,240.296,200.417
1996,01,1,127.3,157.137,148.537
1996,02,1,107.4,163.953,145.044
1996,03,2,113.5,233.957,124.458
1996,04,2,109.8,129.378,131.306
1996,05,2,50.3,191.261,163.365
1996,06,3,193.5,57.422,59.351
1996,07,3,151.0,139.999,78.1658
1996,08,3,336.5,108.67,709.729
1996,09,4,507.0,449.101,372.723
1996,10,4,2796,235.514,241.273
1996,11,4,551.2,1420.43,1653.65
1996,12,1,359.7,369.476,327.711
1997,01,1,147.3,302.98,311.793
1997,02,1,2349,163.593,261.955
1997,03,2,2798,333.824,1736.93
1997,04,2,858.4,1074.64,1208.59
1997,05,2,308.9,818.02,600.18
1997,06,3,4620,359.656,295.333
1997,07,3,551.3,295.6,219.926
1997,08,3,238.5,234.461,242.389
1997,09,4,256.3,212.281,423.627
1997,10,4,249.2,573.581,202.905
1997,11,4,260.5,387.344,404.858
1997,12,1,280.1,213.162,323.511
1998,01,1,262.5,222.452,266.87
1998,02,1,316.2,356.923,272.842
1998,03,2,568.0,216.396,166.401
1998,04,2,212.9,327.397,384.386
1998,05,2,122.3,226.461,354.569
1998,06,3,105.6,207.01,108.518
1998,07,3,78.8,152.557,42.7475
1998,08,3,1100,75.8666,114.985
1998,09,4,445.4,568.289,866.758
1998,10,4,263.7,243.878,408.255
1998,11,4,324.9,221.013,108.016
1998,12,1,270.5,183.752,181.499
1999,01,1,228.5,297.89,210.373
1999,02,1,190.6,152.713,203.508
1999,03,2,613.8,391.938,236.184
1999,04,2,219.6,586.474,239.09
1999,05,2,369.8,292.642,464.44
1999,06,3,194.4,82.4277,278.732
1999,07,3,151.6,146.941,540.226
1999,08,3,81.7,100.144,62.8778
1999,09,4,76.7,119.892,67.0971
1999,10,4,93.8,133.985,103.553
1999,11,4,111.4,110.29,240.582
1999,12,1,141.9,162.286,105.402
2000,01,1,143.1,180.983,138.31
2000,02,1,132.1,93.1399,125.074
2000,03,2,105.5,249.516,164.226
2000,04,2,98.3,168.487,119.771
2000,05,2,130.9,167.102,140.819
2000,06,3,154.8,73.0644,123.522
2000,07,3,43.2,155.124,64.4796
2000,08,3,34.8,75.3566,43.472
2000,09,4,110.5,82.3692,80.8135
2000,10,4,1712,168.513,263.598
2000,11,4,7149,306.729,579.471
2000,12,1,549.2,961.654,1056.34
2001,01,1,524.0,388.979,347.468
2001,02,1,634.5,485.632,466.576
2001,03,2,750.0,534.711,497.099
2001,04,2,476.9,329.812,388.464
2001,05,2,379.1,647.318,570.007
2001,06,3,181.6,332.489,380.407
2001,07,3,118.5,154.622,78.3732
2001,08,3,101.3,97.9266,101.734
2001,09,4,179.3,132.354,201.313
2001,10,4,154.6,198.421,193.104
2001,11,4,1946,233.28,240.165
2001,12,1,313.6,836.505,298.488
2002,01,1,235.3,234.291,238.096
2002,02,1,278.1,343.062,256.847
2002,03,2,201.4,238.932,261.587
2002,04,2,179.4,197.708,150.544
2002,05,2,105.5,292.129,279.607
2002,06,3,85.6,141.648,301.089
2002,07,3,1069,111.297,194.282
2002,08,3,98.9,327.919,171.817
2002,09,4,105.1,207.391,307.606
2002,10,4,232.2,226.656,428.365
2002,11,4,231.0,296.749,360.9
2002,12,1,230.1,652.968,186.291
2003,01,1,180.8,237.002,233.159
2003,02,1,223.9,254.128,271.037
2003,03,2,198.4,432.593,164.557
2003,04,2,108.5,164.466,216.747
2003,05,2,100.5,168.43,262.833
2003,06,3,337.0,146.122,239.585
2003,07,3,87.2,162.964,135.47
2003,08,3,66.0,115.041,110.472
2003,09,4,244.3,153.014,230.527
2003,10,4,456.1,224.058,153.5
2003,11,4,191.3,359.967,334.97
2003,12,1,157.8,249.424,203.919
2004,01,1,171.5,157.147,177.37
2004,02,1,147.0,241.051,376.741
2004,03,2,225.9,207.414,326.655
2004,04,2,663.0,191.671,196.35
2004,05,2,238.4,609.069,645.148
2004,06,3,1296,351.899,297.071
2004,07,3,194.0,282.488,294.213
2004,08,3,183.9,130.083,224.609
2004,09,4,144.0,287.783,400.585
2004,10,4,173.3,293.28,267.832
2004,11,4,2745,214.005,469.433
2004,12,1,429.7,376.253,388.054
2005,01,1,312.8,327.46,336.474
2005,02,1,447.1,377.282,330.324
2005,03,2,487.3,487.028,284.874
2005,04,2,254.0,350.91,232.772
2005,05,2,331.2,253.624,378.535
2005,06,3,393.2,320.196,139.684
2005,07,3,139.0,170.922,305.251
2005,08,3,157.9,111.673,108.564
2005,09,4,91.2,244.553,355.323
2005,10,4,107.2,194.291,145.281
2005,11,4,128.8,142.903,227.715
2005,12,1,132.4,391.241,152.408
2006,01,1,130.9,156.395,147.035
2006,02,1,129.0,181.73,183.092
2006,03,2,127.5,157.766,158.741
2006,04,2,118.5,151.628,146.399
2006,05,2,412.2,117.816,109.012
2006,06,3,80.1,117.388,162.471
2006,07,3,53.7,98.8184,150.229
2006,08,3,28.4,75.8645,105.574
2006,09,4,90.0,63.7175,196.311
2006,10,4,95.2,218.274,178.855
2006,11,4,82.9,192.508,120.017
2006,12,1,99.5,169.121,203.813
2007,01,1,138.6,146.939,146.058
2007,02,1,103.7,195.377,170.76
2007,03,2,852.0,281.457,201.311
2007,04,2,318.7,387.874,516.807
2007,05,2,2108,233.59,239.593
2007,06,3,2610,664.137,7672.99
2007,07,3,1748,260.801,921.743
2007,08,3,1259,281.209,555.569
2007,09,4,665.6,810.094,516.957
2007,10,4,286.8,309.055,263.369
2007,11,4,240.9,230.695,413.203
2007,12,1,227.3,170.195,280.116
2008,01,1,207.5,253.923,214.805
2008,02,1,197.8,210.174,217.5
2008,03,2,195.5,135.303,146.354
2008,04,2,233.9,128.058,110.44
2008,05,2,233.8,264.858,230.023
2008,06,3,78.1,85.261,171.686
2008,07,3,76.6,135.923,115.251
2008,08,3,97.6,97.3111,194.721
2008,09,4,100.5,161.349,121.746
2008,10,4,99.0,185.554,149.695
2008,11,4,96.2,145.831,155.676
2008,12,1,103.5,188.095,159.244
2009,01,1,104.7,127.593,116.71
2009,02,1,100.6,125.839,97.2007
2009,03,2,154.5,194.37,221.44
2009,04,2,413.9,136.08,164.093
2009,05,2,230.8,433.804,494.968
2009,06,3,90.9,323.081,220.571
2009,07,3,61.5,160.949,82.7323
2009,08,3,53.6,106.213,82.2431
2009,09,4,170.5,86.6352,144.452
2009,10,4,269.2,250.005,291.699
2009,11,4,268.7,353.699,227.892
2009,12,1,184.5,228.446,200.689
2010,01,1,523.5,153.8,180.332
2010,02,1,1083,230.383,623.914
2010,03,2,451.8,662.151,590.016
2010,04,2,871.2,236.07,240.469
2010,05,2,638.4,500.355,538.588
2010,06,3,188.9,409.613,304.553
2010,07,3,364.0,76.5381,135.694
2010,08,3,72.2,224.172,157.6
2010,09,4,109.8,59.0118,117.038
2010,10,4,75.4,177.195,205.666
2010,11,4,88.2,112.798,90.7843
2010,12,1,107.6,95.2004,172.394
