1984 01 100.85
1984 02 116.705
1984 03 314.18
1984 04 103.072
1984 05 139.397
1984 06 125.762
1984 07 278.812
1984 08 66.1687
1984 09 176.454
1984 10 59.5859
1984 11 271.985
1984 12 186.468
1985 01 618.722
1985 02 3611.6
1985 03 392.59
1985 04 313.729
1985 05 316.073
1985 06 204.949
1985 07 267.792
1985 08 94.9506
1985 09 216.922
1985 10 141.082
1985 11 997.427
1985 12 145.822
1986 01 168.18
1986 02 197.904
1986 03 390.268
1986 04 139.84
1986 05 233.575
1986 06 328.427
1986 07 330.223
1986 08 58.3509
1986 09 183.49
1986 10 354.434
1986 11 1166.79
1986 12 404.102
1987 01 500.545
1987 02 746.298
1987 03 704.439
1987 04 308.375
1987 05 355.714
1987 06 326.688
1987 07 877.935
1987 08 163.855
1987 09 385.543
1987 10 367.083
1987 11 435.101
1987 12 266.616
1988 01 267.093
1988 02 339.565
1988 03 301.09
1988 04 169.681
1988 05 230.1
1988 06 308.501
1988 07 162.94
1988 08 507.828
1988 09 286.644
1988 10 214.754
1988 11 169.594
1988 12 143.097
1989 01 215.084
1989 02 159.932
1989 03 224.024
1989 04 240.253
1989 05 193.69
1989 06 296.805
1989 07 172.567
1989 08 54.9999
1989 09 201.45
1989 10 209.474
1989 11 175.701
1989 12 195.686
1990 01 172.244
1990 02 208.915
1990 03 324.326
1990 04 361.22
1990 05 279.966
1990 06 741.559
1990 07 129.24
1990 08 237.96
1990 09 405.884
1990 10 469.649
1990 11 314.757
1990 12 208.032
1991 01 181.567
1991 02 302.204
1991 03 275.593
1991 04 167.529
1991 05 182.026
1991 06 286.712
1991 07 174.469
1991 08 126.804
1991 09 196.4
1991 10 351.294
1991 11 315.206
1991 12 333.55
1992 01 2235.84
1992 02 779.196
1992 03 738.113
1992 04 400.674
1992 05 797.216
1992 06 3130.56
1992 07 292.512
1992 08 140.684
1992 09 335.936
1992 10 374.543
1992 11 411.224
1992 12 374.286
1993 01 293.319
1993 02 376.88
1993 03 326.19
1993 04 270.874
1993 05 386.08
1993 06 1590.77
1993 07 228.618
1993 08 45.6276
1993 09 120.33
1993 10 315.843
1993 11 277.95
1993 12 256.136
1994 01 151.931
1994 02 281.859
1994 03 262.826
1994 04 159.344
1994 05 178.042
1994 06 254.297
1994 07 256.026
1994 08 32.3215
1994 09 263.418
1994 10 345.533
1994 11 302.773
1994 12 380.438
1995 01 257.73
1995 02 435.35
1995 03 392.195
1995 04 261.033
1995 05 320.937
1995 06 308.733
1995 07 185.71
1995 08 122.066
1995 09 97.3811
1995 10 191.262
1995 11 220.46
1995 12 240.296
1996 01 157.137
1996 02 163.953
1996 03 233.957
1996 04 129.378
1996 05 191.261
1996 06 57.422
1996 07 139.999
1996 08 108.67
1996 09 449.101
1996 10 235.514
1996 11 1420.43
1996 12 369.476
1997 01 302.98
1997 02 163.593
1997 03 333.824
1997 04 1074.64
1997 05 818.02
1997 06 359.656
1997 07 295.6
1997 08 234.461
1997 09 212.281
1997 10 573.581
1997 11 387.344
1997 12 213.162
1998 01 222.452
1998 02 356.923
1998 03 216.396
1998 04 327.397
1998 05 226.461
1998 06 207.01
1998 07 152.557
1998 08 75.8666
1998 09 568.289
1998 10 243.878
1998 11 221.013
1998 12 183.752
1999 01 297.89
1999 02 152.713
1999 03 391.938
1999 04 586.474
1999 05 292.642
1999 06 82.4277
1999 07 146.941
1999 08 100.144
1999 09 119.892
1999 10 133.985
1999 11 110.29
1999 12 162.286
2000 01 180.983
2000 02 93.1399
2000 03 249.516
2000 04 168.487
2000 05 167.102
2000 06 73.0644
2000 07 155.124
2000 08 75.3566
2000 09 82.3692
2000 10 168.513
2000 11 306.729
2000 12 961.654
2001 01 388.979
2001 02 485.632
2001 03 534.711
2001 04 329.812
2001 05 647.318
2001 06 332.489
2001 07 154.622
2001 08 97.9266
2001 09 132.354
2001 10 198.421
2001 11 233.28
2001 12 836.505
2002 01 234.291
2002 02 343.062
2002 03 238.932
2002 04 197.708
2002 05 292.129
2002 06 141.648
2002 07 111.297
2002 08 327.919
2002 09 207.391
2002 10 226.656
2002 11 296.749
2002 12 652.968
2003 01 237.002
2003 02 254.128
2003 03 432.593
2003 04 164.466
2003 05 168.43
2003 06 146.122
2003 07 162.964
2003 08 115.041
2003 09 153.014
2003 10 224.058
2003 11 359.967
2003 12 249.424
2004 01 157.147
2004 02 241.051
2004 03 207.414
2004 04 191.671
2004 05 609.069
2004 06 351.899
2004 07 282.488
2004 08 130.083
2004 09 287.783
2004 10 293.28
2004 11 214.005
2004 12 376.253
2005 01 327.46
2005 02 377.282
2005 03 487.028
2005 04 350.91
2005 05 253.624
2005 06 320.196
2005 07 170.922
2005 08 111.673
2005 09 244.553
2005 10 194.291
2005 11 142.903
2005 12 391.241
2006 01 156.395
2006 02 181.73
2006 03 157.766
2006 04 151.628
2006 05 117.816
2006 06 117.388
2006 07 98.8184
2006 08 75.8645
2006 09 63.7175
2006 10 218.274
2006 11 192.508
2006 12 169.121
2007 01 146.939
2007 02 195.377
2007 03 281.457
2007 04 387.874
2007 05 233.59
2007 06 664.137
2007 07 260.801
2007 08 281.209
2007 09 810.094
2007 10 309.055
2007 11 230.695
2007 12 170.195
2008 01 253.923
2008 02 210.174
2008 03 135.303
2008 04 128.058
2008 05 264.858
2008 06 85.261
2008 07 135.923
2008 08 97.3111
2008 09 161.349
2008 10 185.554
2008 11 145.831
2008 12 188.095
2009 01 127.593
2009 02 125.839
2009 03 194.37
2009 04 136.08
2009 05 433.804
2009 06 323.081
2009 07 160.949
2009 08 106.213
2009 09 86.6352
2009 10 250.005
2009 11 353.699
2009 12 228.446
2010 01 153.8
2010 02 230.383
2010 03 662.151
2010 04 236.07
2010 05 500.355
2010 06 409.613
2010 07 76.5381
2010 08 224.172
2010 09 59.0118
2010 10 177.195
2010 11 112.798
2010 12 95.2004
