1984 01 104.8
1984 02 95.0
1984 03 73.6
1984 04 51.7
1984 05 41.0
1984 06 35.0
1984 07 58.9
1984 08 23.8
1984 09 16.7
1984 10 205.3
1984 11 134.2
1984 12 1634
1985 01 1506
1985 02 422.8
1985 03 438.6
1985 04 213.1
1985 05 340.8
1985 06 116.0
1985 07 132.1
1985 08 56.0
1985 09 87.3
1985 10 1219
1985 11 183.7
1985 12 138.9
1986 01 143.4
1986 02 479.5
1986 03 144.2
1986 04 105.8
1986 05 156.6
1986 06 699.9
1986 07 70.1
1986 08 78.2
1986 09 671.0
1986 10 1324
1986 11 494.0
1986 12 830.5
1987 01 538.2
1987 02 504.2
1987 03 511.0
1987 04 346.4
1987 05 539.3
1987 06 2892
1987 07 560.3
1987 08 361.1
1987 09 725.8
1987 10 329.7
1987 11 343.5
1987 12 306.1
1988 01 272.1
1988 02 257.5
1988 03 225.8
1988 04 190.3
1988 05 261.5
1988 06 246.2
1988 07 1796
1988 08 214.5
1988 09 168.7
1988 10 157.2
1988 11 173.1
1988 12 188.3
1989 01 225.8
1989 02 338.9
1989 03 241.2
1989 04 188.1
1989 05 412.8
1989 06 222.2
1989 07 101.8
1989 08 111.7
1989 09 128.0
1989 10 108.1
1989 11 176.4
1989 12 191.4
1990 01 156.9
1990 02 214.2
1990 03 582.7
1990 04 278.4
1990 05 1983
1990 06 158.5
1990 07 629.3
1990 08 294.3
1990 09 1008
1990 10 255.9
1990 11 242.2
1990 12 197.2
1991 01 223.4
1991 02 188.9
1991 03 156.8
1991 04 181.5
1991 05 228.6
1991 06 225.1
1991 07 166.5
1991 08 110.6
1991 09 398.8
1991 10 223.5
1991 11 228.2
1991 12 3179
1992 01 842.8
1992 02 3754
1992 03 1227
1992 04 700.3
1992 05 674.8
1992 06 1363
1992 07 407.6
1992 08 233.5
1992 09 452.1
1992 10 189.6
1992 11 385.4
1992 12 370.7
1993 01 326.9
1993 02 437.7
1993 03 376.7
1993 04 376.2
1993 05 255.6
1993 06 203.8
1993 07 82.6
1993 08 59.0
1993 09 172.6
1993 10 137.0
1993 11 142.5
1993 12 158.2
1994 01 171.4
1994 02 193.1
1994 03 174.0
1994 04 110.3
1994 05 556.2
1994 06 191.3
1994 07 75.0
1994 08 119.8
1994 09 298.9
1994 10 205.5
1994 11 255.8
1994 12 303.5
1995 01 253.6
1995 02 189.1
1995 03 384.6
1995 04 230.8
1995 05 435.4
1995 06 330.0
1995 07 132.2
1995 08 55.8
1995 09 313.1
1995 10 165.2
1995 11 145.1
1995 12 136.2
1996 01 127.3
1996 02 107.4
1996 03 113.5
1996 04 109.8
1996 05 50.3
1996 06 193.5
1996 07 151.0
1996 08 336.5
1996 09 507.0
1996 10 2796
1996 11 551.2
1996 12 359.7
1997 01 147.3
1997 02 2349
1997 03 2798
1997 04 858.4
1997 05 308.9
1997 06 4620
1997 07 551.3
1997 08 238.5
1997 09 256.3
1997 10 249.2
1997 11 260.5
1997 12 280.1
1998 01 262.5
1998 02 316.2
1998 03 568.0
1998 04 212.9
1998 05 122.3
1998 06 105.6
1998 07 78.8
1998 08 1100
1998 09 445.4
1998 10 263.7
1998 11 324.9
1998 12 270.5
1999 01 228.5
1999 02 190.6
1999 03 613.8
1999 04 219.6
1999 05 369.8
1999 06 194.4
1999 07 151.6
1999 08 81.7
1999 09 76.7
1999 10 93.8
1999 11 111.4
1999 12 141.9
2000 01 143.1
2000 02 132.1
2000 03 105.5
2000 04 98.3
2000 05 130.9
2000 06 154.8
2000 07 43.2
2000 08 34.8
2000 09 110.5
2000 10 1712
2000 11 7149
2000 12 549.2
2001 01 524.0
2001 02 634.5
2001 03 750.0
2001 04 476.9
2001 05 379.1
2001 06 181.6
2001 07 118.5
2001 08 101.3
2001 09 179.3
2001 10 154.6
2001 11 1946
2001 12 313.6
2002 01 235.3
2002 02 278.1
2002 03 201.4
2002 04 179.4
2002 05 105.5
2002 06 85.6
2002 07 1069
2002 08 98.9
2002 09 105.1
2002 10 232.2
2002 11 231.0
2002 12 230.1
2003 01 180.8
2003 02 223.9
2003 03 198.4
2003 04 108.5
2003 05 100.5
2003 06 337.0
2003 07 87.2
2003 08 66.0
2003 09 244.3
2003 10 456.1
2003 11 191.3
2003 12 157.8
2004 01 171.5
2004 02 147.0
2004 03 225.9
2004 04 663.0
2004 05 238.4
2004 06 1296
2004 07 194.0
2004 08 183.9
2004 09 144.0
2004 10 173.3
2004 11 2745
2004 12 429.7
2005 01 312.8
2005 02 447.1
2005 03 487.3
2005 04 254.0
2005 05 331.2
2005 06 393.2
2005 07 139.0
2005 08 157.9
2005 09 91.2
2005 10 107.2
2005 11 128.8
2005 12 132.4
2006 01 130.9
2006 02 129.0
2006 03 127.5
2006 04 118.5
2006 05 412.2
2006 06 80.1
2006 07 53.7
2006 08 28.4
2006 09 90.0
2006 10 95.2
2006 11 82.9
2006 12 99.5
2007 01 138.6
2007 02 103.7
2007 03 852.0
2007 04 318.7
2007 05 2108
2007 06 2610
2007 07 1748
2007 08 1259
2007 09 665.6
2007 10 286.8
2007 11 240.9
2007 12 227.3
2008 01 207.5
2008 02 197.8
2008 03 195.5
2008 04 233.9
2008 05 233.8
2008 06 78.1
2008 07 76.6
2008 08 97.6
2008 09 100.5
2008 10 99.0
2008 11 96.2
2008 12 103.5
2009 01 104.7
2009 02 100.6
2009 03 154.5
2009 04 413.9
2009 05 230.8
2009 06 90.9
2009 07 61.5
2009 08 53.6
2009 09 170.5
2009 10 269.2
2009 11 268.7
2009 12 184.5
2010 01 523.5
2010 02 1083
2010 03 451.8
2010 04 871.2
2010 05 638.4
2010 06 188.9
2010 07 364.0
2010 08 72.2
2010 09 109.8
2010 10 75.4
2010 11 88.2
2010 12 107.6
