xmlns:cpt=http://iri.columbia.edu/CPT/v10/
cpt:nfields=1
cpt:field=X_scores, cpt:nrow=58, cpt:ncol=4, cpt:row=T, cpt:col=index 
	1	2	3	4
1958	-3.6189777338258966	-0.75244280465342173	-0.59111273847607548	-0.17345068803284058
1959	-3.7825788435162044E-002	-3.3816872599744285	2.6134788963362555E-002	0.18496213748243739
1960	1.7329538650250196	-1.0656144157490124	-0.18420876059452285	-0.38681324137039769
1961	3.3010039593212315	-0.99919893611211763	-0.25250789071656371	-6.7704097205439753E-002
1962	2.9354918725554948	0.19378201787794899	-0.39703166955677882	-7.5605278565121184E-002
1963	-0.67011940561008654	0.21362996274913598	4.1475374875272711E-002	-4.5249814700850176E-002
1964	1.6375483151606816	-0.60519944187731833	-0.41424015944263315	-0.22144247492702415
1965	-1.0353271850312353	-1.5184864881247645E-002	-0.60617618385892980	-0.32676269910945249
1966	-3.8016211343276192	1.3346017701894846	-0.33669202866065678	-0.15495600989693106
1967	0.95013784169874893	-1.0809591577298003	5.0379396501883757E-002	0.13915244863555676
1968	0.17491471460774083	1.2932249145728485	-0.74548483870553706	-9.8516285647539795E-002
1969	-2.2524916627541898	-0.17032073786889274	0.31565037001067126	-4.2298025656978169E-002
1970	0.15277380177699240	0.51570585735370733	-1.3149640272412946	0.41724005043101814
1971	3.3110943824460919	-0.75030461692816963	-0.33651146058467291	-1.2479011549794004E-002
1972	-3.0699662426856293	-0.39241022562143196	-5.8103178112790949E-002	8.1752263926282136E-003
1973	-1.6677741367308971	0.85278580511117974	-0.27851272476501632	0.41792628681489474
1974	1.8272045209757433	-0.62107263413597447	-0.22662737673815353	5.5930029060090168E-002
1975	2.1766754867859266	0.55268586273538822	-0.18006210891505092	0.29371374206604356
1976	1.6820700892339187	0.42233654419107008	8.0332061303956648E-002	9.1481527941030205E-002
1977	-2.9325389325167146	0.76590506927492985	-0.44250888025368434	0.11546766394513924
1978	1.2940524258283552	-1.1315772857620123	-0.67497716864356472	8.6961219260181757E-002
1979	-0.37721224861697272	0.28080719004292576	-0.33802353727045165	2.4297459588805796E-003
1980	-0.63109420700215801	-0.83724769780275710	-0.14158845730564878	0.40162192454393636
1981	2.4261685074698756	1.6269872820255962	-1.2991539298440038	-0.11737398658862158
1982	0.93977772511958235	-0.40834916723560688	-5.2227152833229935E-002	0.41847748974499410
1983	-6.5635837237252455	-0.44971422209357803	0.97095725383603315	5.2274359541807737E-002
1984	0.13314821943565597	-0.65634757585039327	8.7272526677081727E-002	0.11590489861407145
1985	2.0007523585220968	1.3640148268591556	-0.15691242912607861	-0.30644475292779921
1986	-1.6961997227846000	-0.45499345538499686	-0.58303424211110100	6.6555500961523864E-002
1987	-6.4044209441232489	0.40148125697135617	0.35751947656433397	-0.12662687647797966
1988	1.9716832760536922	5.2960712889195622E-003	-0.77072571419014868	-5.4098801370740257E-004
1989	4.3506633044081182	0.61071821310193741	0.56298271229437913	-0.39540265347313192
1990	-1.7814099454909089	1.7811990019705568	0.10938291080551432	0.38027513777202265
1991	-1.1009467722436153	-0.16579491361821666	0.55041304575645666	-0.21420217035522815
1992	-6.2959801488305418	0.82758444434178902	2.3578568513013314E-002	-0.40323330183821499
1993	-3.4456146097003399	0.40465974015275946	-0.18045997148540754	-8.3554376417923445E-002
1994	-2.1856290527267968	-0.64211306715337213	0.48364920680317675	0.11522558849409183
1995	-2.8506424057253938	-0.51829786306982917	-0.27654610910523170	-0.13110144551443179
1996	2.3795084989325073	0.28035271200164119	-0.57492794600704122	0.14836687957163069
1997	0.83701968716849073	0.81261719108520780	-0.51230078024092363	-5.6191065009529424E-002
1998	-4.4821007321847413	-0.55285163891830524	0.90071964048231901	0.52887914743051911
1999	4.7337306925788747	1.0264676618473256	0.99125281101630669	0.47400320686962644
2000	4.6147096850076412	2.5700127416277238E-002	1.3204168085983841	-0.13460716014949334
2001	0.12432399072395725	-9.4076293500914884E-002	0.69743134955541541	9.3201102935476288E-002
2002	-4.8197668455021353E-002	0.96520234810807004	-0.57013695845113421	0.19393384623901530
2003	-1.2863380905185304	-0.92218545387496975	-0.24354441103182464	-8.1202921196980013E-002
2004	0.26627534244170215	0.65542031013698876	0.33816019459614605	7.1240871298805714E-002
2005	-0.18091357632132099	-0.40586700714431201	0.15966159581597644	-0.25579363987888548
2006	2.0421793663445218	6.3688780523440500E-002	5.5610390070823856E-002	-0.18348119081957587
2007	-0.78773248439871835	0.67119629005280945	2.5335696634679539E-002	-0.30020964112943777
2008	4.3023470581109500	1.5653936252901322	0.42097231912085920	-3.3281483121924013E-002
2009	2.2726456926313134	-0.67978007547951469	0.20849020626358933	-2.9677942819219722E-002
2010	1.5369205662094672	2.2263424435045325	1.6411996078429476	0.15395634640813102
2011	4.4551841858342822	-0.54648603410714558	0.51556318993425176	-0.10936579111975084
2012	1.0930253337740854	-1.2982286691910772	0.81688840583140354	-0.50935922040123915
2013	-0.29687292119212949	-1.1192268255471514	0.20746206939430520	0.20494945951707161
2014	1.0397233343695844	-1.8846242620171212	8.0540519843514957E-002	7.4097766692730951E-002
2015	-3.1941766245978260	0.86236928250549172	0.69987033635976825	-0.22947537070963020
