xmlns:cpt=http://iri.columbia.edu/CPT/v10/
cpt:nfields=1
cpt:field=X_loadings, cpt:nrow=9, cpt:ncol=4, cpt:row=station, cpt:col=mode 
Station	Latitude	Longitude	1	2	3	4
prec_1	34.882520000000000	-101.25000000000000	-0.33916410951586484	0.21880461835660808	0.45178474728114554	-0.24127328154563871
prec_2	34.882520000000000	-98.437500000000000	-0.32555853837346033	0.40601738107765584	0.36515284609164000	-3.3811618396455217E-002
prec_3	32.091940000000001	-101.25000000000000	-0.33481832527871880	0.33005658973717678	-0.16517909819309670	7.4698399826195500E-002
prec_4	32.091940000000001	-98.437500000000000	-0.22780632077585072	0.45228523558071931	-0.31564647656077671	0.62215009415491407
st_1	34.882520000000000	-101.25000000000000	0.41621174816312345	0.21584550166298810	-3.9407377616707789E-002	0.22183160509798180
st_2	34.882520000000000	-98.437500000000000	0.42379554205427727	0.17861689570088474	-0.10831173576480431	0.11682362441748653
st_3	32.091940000000001	-101.25000000000000	0.35181412670805856	0.41922291332016287	0.26765673517948541	-3.1270413356189533E-002
st_4	32.091940000000001	-98.437500000000000	0.37096534618819199	0.31399330988584284	0.25876058657173273	-0.20284401481715014
07.0	32.932977780000002	-99.215388899999994	2.7513007516634776E-002	-0.34776746939835906	0.61948007708502528	0.66559209290605104
