xmlns:cpt=http://iri.columbia.edu/CPT/v10/
cpt:nfields=1
cpt:field=eigenvalues, cpt:nrow=9, cpt:ncol=3, cpt:row=mode, cpt:col=index 
Mode	Eigenvalue	% variance	Cum. % variance
1	5.7520383620027431	63.911537355586091	63.911537355586091
2	1.4129269823600779	15.699188692889770	79.610726048475868
3	0.88473260160819633	9.8303622400910804	89.441088288566945
4	0.47113368726626204	5.2348187474029171	94.675907035969857
5	0.32118560229989507	3.5687289144432817	98.244635950413141
6	6.5337391524860108E-002	0.72597101694289079	98.970606967356034
7	6.0158664671620482E-002	0.66842960746245050	99.639036574818476
8	2.8152628158765011E-002	0.31280697954183379	99.951843554360309
9	4.3340801075725226E-003	4.8156445639694748E-002	100.00000000000000
