xmlns:cpt=http://iri.columbia.edu/CPT/v10/
cpt:nfields=3
cpt:field=undefined_relodds_B, cpt:nrow=28, cpt:ncol=1, cpt:row=T, cpt:col=station, cpt:missing=-999.00000000000000               
	08.0
cpt:Y	32.932977780000002
cpt:X	-99.215388899999994
1983	1.8184867443295538
1984	6.4639718324786921
1985	2.1186650271892637
1986	1.4508896035377872
1987	1.5450854669556651
1988	1.9916842207514807
1989	2.5901181240826427
1990	2.4768482512198320
1991	1.7754426068952467
1992	1.1671422252344641
1993	1.9683205914027913
1994	2.0405698068636764
1995	2.6982789450575964
1996	2.8198237327861202
1997	1.9229577508553595
1998	2.4365146276153786
1999	2.7508096804175559
2000	1.9971643041841536
2001	4.4439934604499873
2002	1.7148963900769130
2003	2.5553099936845030
2004	2.0640689212869257
2005	2.7483472046374611
2006	4.1241475163926804
2007	1.9363223353217842
2008	2.9140705346589351
2009	2.1053919494503393
2010	2.1133889827827854
cpt:field=undefined_relodds_N, cpt:nrow=28, cpt:ncol=1, cpt:row=T, cpt:col=station, cpt:missing=-999.00000000000000               
	08.0
cpt:Y	32.932977780000002
cpt:X	-99.215388899999994
1983	0.17606581556902706
1984	0.10026306772687273
1985	0.18075051630616690
1986	0.16841922409549431
1987	0.17641037898132420
1988	0.18299173531918364
1989	0.17659218654569755
1990	0.16585921284828728
1991	0.17212342349345761
1992	0.15051023704684985
1993	0.17884829018082371
1994	0.15889450015899745
1995	0.17266548702227538
1996	0.16466016654135956
1997	0.18425646990516670
1998	0.17097998017037813
1999	0.17021432781680285
2000	0.18179342573805776
2001	0.14221668950178773
2002	0.17666095619873845
2003	0.17448309747062804
2004	0.18101918167190106
2005	0.17412859409040199
2006	0.14838198580250878
2007	0.17894066263414068
2008	0.15033502475380486
2009	0.17352596396093983
2010	0.17538441559489959
cpt:field=undefined_relodds_A, cpt:nrow=28, cpt:ncol=1, cpt:row=T, cpt:col=station, cpt:missing=-999.00000000000000               
	08.0
cpt:Y	32.932977780000002
cpt:X	-99.215388899999994
1983	1.5897461681145912
1984	0.46474595189340834
1985	1.3484554647061429
1986	2.0151900785221164
1987	1.8692625187165601
1988	1.4318003458528494
1989	1.0987872448492522
1990	1.1754293770212296
1991	1.6396539193707349
1992	2.5609614152298454
1993	1.4596549827616705
1994	1.4564984841599349
1995	1.0591146205345907
1996	1.0251945305083141
1997	1.4810626652195313
1998	1.1849531522350385
1999	1.0420510433537404
2000	1.4307187520138549
2001	0.64542887047928765
2002	1.6846769500097405
2003	1.1191850252440885
2004	1.3847827023934023
2005	1.0353987232795587
2006	0.69363610931322861
2007	1.4841123166455903
2008	1.0169652640046276
2009	1.3745480664847831
2010	1.3647082356364579
