xmlns:cpt=http://iri.columbia.edu/CPT/v10/
cpt:nfields=1
cpt:field=X_loadings, cpt:nrow=9, cpt:ncol=4, cpt:row=station, cpt:col=mode 
Station	Latitude	Longitude	1	2	3	4
prec_1	34.882520000000000	-101.25000000000000	-0.35602468471662885	2.9904751913257782E-002	0.25723246147510581	-0.21318941409691344
prec_2	34.882520000000000	-98.437500000000000	-0.35274027353895926	4.0613961367572546E-002	0.29664042277951863	-0.59217522586752191
prec_3	32.091940000000001	-101.25000000000000	-0.32888419573709715	0.14086644088909825	0.46012840116516390	0.67953162601681294
prec_4	32.091940000000001	-98.437500000000000	-0.34424554938827434	4.8290947481419606E-002	0.38459057988929135	-9.2593853671584583E-002
st_1	34.882520000000000	-101.25000000000000	0.35957300697048095	0.12174508555169951	0.31318448027534768	3.8066249614180057E-002
st_2	34.882520000000000	-98.437500000000000	0.35120747028074611	0.14043173782056889	0.38271059477041547	0.14127730683400036
st_3	32.091940000000001	-101.25000000000000	0.36149623949811294	0.11092608158852318	0.25877621626374514	-0.30157953758380718
st_4	32.091940000000001	-98.437500000000000	0.35774413964683938	0.15057703201958939	0.30699409564296321	-0.14198066478685065
03.0	32.932977780000002	-99.215388899999994	-0.10416849653846373	0.95171417200014230	-0.28362904953472118	-3.2013741462375671E-002
