xmlns:cpt=http://iri.columbia.edu/CPT/v10/
cpt:nfields=1
cpt:field=eigenvalues, cpt:nrow=9, cpt:ncol=3, cpt:row=mode, cpt:col=index 
Mode	Eigenvalue	% variance	Cum. % variance
1	5.6269708441850819	62.521898268723113	62.521898268723113
2	2.1716557478482414	24.129508309424896	86.651406578147999
3	0.90921679843944281	10.102408871549359	96.753815449697356
4	0.17484975693243618	1.9427750770270680	98.696590526724435
5	4.8330147341679654E-002	0.53700163712977367	99.233592163854212
6	3.2741600246960656E-002	0.36379555829956273	99.597387722153783
7	2.3781997921847476E-002	0.26424442135386073	99.861632143507649
8	1.1659700530422624E-002	0.12955222811580688	99.991184371623447
9	7.9340655388859067E-004	8.8156283765398920E-003	100.00000000000000
