xmlns:cpt=http://iri.columbia.edu/CPT/v10/
cpt:nfields=3
cpt:field=undefined_prob_B, cpt:nrow=58, cpt:ncol=1, cpt:row=T, cpt:col=station, cpt:units=%, cpt:missing=-999.00000000000000               
	05.0
cpt:Y	32.932977780000002
cpt:X	-99.215388899999994
1958	33.138566236584992
1959	86.679243219959687
1960	60.912896421506304
1961	60.092188112005388
1962	49.457058222965934
1963	46.556264530358440
1964	52.097267427368934
1965	27.435369370348013
1966	11.472644953024997
1967	59.313652387054525
1968	14.819047413790159
1969	23.649210049331089
1970	20.849339027521722
1971	66.371703396715588
1972	32.732375007314943
1973	16.903973179424753
1974	72.102504410458522
1975	27.200060261655850
1976	47.062463797785924
1977	7.0300399753933647
1978	49.446381853372401
1979	32.609653811561728
1980	58.071130126589019
1981	19.397819372679493
1982	44.893987569256801
1983	9.9368996236285199
1984	53.385535145250202
1985	33.138508297666519
1986	45.540469405015969
1987	9.7249538524986860
1988	29.736800096349697
1989	54.126236042549344
1990	7.9990894994885338
1991	31.958301091500800
1992	9.0569946089803892
1993	20.107179437166849
1994	30.678833143764209
1995	26.687186047428568
1996	38.351556265809393
1997	15.242185522802089
1998	22.066595122762195
1999	47.963524833768204
2000	63.506565794195645
2001	37.534538328521506
2002	30.410895835799252
2003	36.879881573931158
2004	36.990539572826385
2005	34.297541153444371
2006	36.423155473202144
2007	22.104250873343815
2008	36.500354847789062
2009	74.260894456979059
2010	8.9292164858033090
2011	79.480977871960931
2012	75.158584847859714
2013	66.215190104573537
2014	77.464947015350546
2015	12.089764784218687
cpt:field=undefined_prob_N, cpt:nrow=58, cpt:ncol=1, cpt:row=T, cpt:col=station, cpt:units=%, cpt:missing=-999.00000000000000               
	05.0
cpt:Y	32.932977780000002
cpt:X	-99.215388899999994
1958	34.924930110008816
1959	10.582412674213078
1960	27.031417214833692
1961	27.460990381703105
1962	31.950612036814043
1963	32.714643467170674
1964	30.994685629126479
1965	34.793133908624320
1966	26.199729189312130
1967	27.798999889092627
1968	29.243719151808442
1969	33.763805167591251
1970	32.957636702505383
1971	24.205433785790291
1972	35.134047920828237
1973	30.878850203337507
1974	20.657487669965864
1975	34.762452151922041
1976	32.512185169000716
1977	20.258632324635826
1978	31.653342931056088
1979	35.177279745564476
1980	28.463698725566516
1981	31.513235961660847
1982	33.369705628443270
1983	23.306955923935519
1984	30.523673931508242
1985	34.303308339976468
1986	33.227521902160404
1987	24.165555886665501
1988	34.987912680184685
1989	29.891063250093051
1990	21.749427448319295
1991	35.021515620176274
1992	23.417891471222774
1993	32.629141449497133
1994	34.597633957526085
1995	34.341231377752749
1996	34.723178328516724
1997	29.738432616092936
1998	32.526255635624992
1999	31.967697300202385
2000	25.622274414924910
2001	34.863493442333663
2002	34.482229655297793
2003	34.565327679526142
2004	34.762937476530105
2005	34.919340152405667
2006	34.988267620196410
2007	33.446593539174209
2008	33.961077419587106
2009	19.403632479869994
2010	22.478835990304148
2011	15.868927371014209
2012	18.869817081642509
2013	24.290736734451155
2014	17.288419419806452
2015	26.975899192441915
cpt:field=undefined_prob_A, cpt:nrow=58, cpt:ncol=1, cpt:row=T, cpt:col=station, cpt:units=%, cpt:missing=-999.00000000000000               
	05.0
cpt:Y	32.932977780000002
cpt:X	-99.215388899999994
1958	31.936503653406191
1959	2.7383441058272378
1960	12.055686363660005
1961	12.446821506291506
1962	18.592329740220023
1963	20.729092002470882
1964	16.908046943504587
1965	37.771496721027667
1966	62.327625857662873
1967	12.887347723852846
1968	55.937233434401399
1969	42.586984783077661
1970	46.193024269972895
1971	9.4228628174941154
1972	32.133577071856820
1973	52.217176617237740
1974	7.2400079195756151
1975	38.037487586422110
1976	20.425351033213364
1977	72.711327699970809
1978	18.900275215571511
1979	32.213066442873796
1980	13.465171147844465
1981	49.088944665659660
1982	21.736306802299925
1983	66.756144452435962
1984	16.090790923241556
1985	32.558183362357013
1986	21.232008692823626
1987	66.109490260835813
1988	35.275287223465618
1989	15.982700707357605
1990	70.251483052192171
1991	33.020183288322926
1992	67.525113919796837
1993	47.263679113336018
1994	34.723532898709706
1995	38.971582574818683
1996	26.925265405673883
1997	55.019381861104975
1998	45.407149241612814
1999	20.068777866029411
2000	10.871159790879448
2001	27.601968229144831
2002	35.106874508902955
2003	28.554790746542700
2004	28.246522950643509
2005	30.783118694149959
2006	28.588576906601443
2007	44.449155587481975
2008	29.538567732623832
2009	6.3354730631509533
2010	68.591947523892543
2011	4.6500947570248599
2012	5.9715980704977731
2013	9.4940731609753080
2014	5.2466335648430018
2015	60.934336023339398
