xmlns:cpt=http://iri.columbia.edu/CPT/v10/
cpt:nfields=3
cpt:field=undefined_prob_B, cpt:nrow=28, cpt:ncol=1, cpt:row=T, cpt:col=station, cpt:units=%, cpt:missing=-999.00000000000000               
	10.0
cpt:Y	32.932977780000002
cpt:X	-99.215388899999994
1983	65.348343987785455
1984	61.996404902632939
1985	46.467385442759792
1986	34.089668108314783
1987	32.861983893400577
1988	44.161223680490494
1989	42.172726725762821
1990	25.435168395379037
1991	28.971085262065969
1992	29.909024476518738
1993	34.570919563183210
1994	38.915379519653740
1995	35.171346700822596
1996	33.493063910893682
1997	38.657060247723116
1998	93.929637351781636
1999	93.933027198828810
2000	93.518390889150055
2001	54.470198066437355
2002	49.556193427080956
2003	54.849192686921064
2004	51.449449316777951
2005	45.997331504622998
2006	58.907416450721733
2007	41.592653549529302
2008	57.760822650298429
2009	40.440257119227653
2010	49.527691802536275
cpt:field=undefined_prob_N, cpt:nrow=28, cpt:ncol=1, cpt:row=T, cpt:col=station, cpt:units=%, cpt:missing=-999.00000000000000               
	10.0
cpt:Y	32.932977780000002
cpt:X	-99.215388899999994
1983	11.070757511723251
1984	11.740214365575159
1985	13.094536302702842
1986	12.706973856010862
1987	12.220858812667707
1988	12.698415511973437
1989	13.157178242874686
1990	11.388346910485801
1991	11.964390575725922
1992	11.946113946786902
1993	12.343173047910838
1994	13.032188410743849
1995	12.832035485192627
1996	12.639019084283042
1997	12.421709343135198
1998	2.6518529199883729
1999	2.6516436867452300
2000	2.8110323133468627
2001	12.614985885350741
2002	13.073015266111646
2003	12.620495970171660
2004	12.873912549519048
2005	12.939954955325710
2006	12.203513042336027
2007	13.003751215723575
2008	11.550549829109951
2009	12.897991728389918
2010	12.071472154652767
cpt:field=undefined_prob_A, cpt:nrow=28, cpt:ncol=1, cpt:row=T, cpt:col=station, cpt:units=%, cpt:missing=-999.00000000000000               
	10.0
cpt:Y	32.932977780000002
cpt:X	-99.215388899999994
1983	23.580898500491301
1984	26.263380731791901
1985	40.438078254537366
1986	53.203358035674356
1987	54.917157293931716
1988	43.140360807536069
1989	44.670095031362493
1990	63.176484694135162
1991	59.064524162208109
1992	58.144861576694360
1993	53.085907388905952
1994	48.052432069602411
1995	51.996617813984777
1996	53.867917004823276
1997	48.921230409141685
1998	3.4185097282299881
1999	3.4153291144259605
2000	3.6705767975030867
2001	32.914816048211904
2002	37.370791306807398
2003	32.530311342907275
2004	35.676638133703001
2005	41.062713540051291
2006	28.889070506942240
2007	45.403595234747122
2008	30.688627520591620
2009	46.661751152382429
2010	38.400836042810958
