xmlns:cpt=http://iri.columbia.edu/CPT/v10/
cpt:nfields=1
cpt:field=X_scores, cpt:nrow=58, cpt:ncol=4, cpt:row=T, cpt:col=index 
	1	2	3	4
1958	-3.5413858551710056	0.41577902532078026	-0.40894129778694543	0.20084144437507001
1959	-0.98105589385094627	0.17000865833387840	0.83750046371392384	-0.47842213453452925
1960	1.9811269388075372	-1.5039551330939236	-0.56741898540156988	0.72226382436730541
1961	0.19821130492137831	-1.5742950492451517	0.51757945911171277	-0.56865491813095503
1962	2.3145595508066039	-0.50318545039937101	-0.50369530008770580	-0.53053731068067034
1963	2.0187201788103675	0.20319708749413160	1.0243578713615096	9.0378469681628923E-002
1964	2.2564573761467015	0.39087264906235913	-1.2674553092159604	0.19510935429734805
1965	-3.1023570335028317	-0.54874482506148714	1.7520654473316115	0.62280616837741909
1966	-1.1950136922283368	1.9012311276261438	-0.13477757505793519	0.36211848453274442
1967	1.9724063696476177	-7.0356111604285357E-002	-0.48616672181612525	-0.43921305013876727
1968	-2.0024115399413196	-0.35541804478622813	0.53559718208473883	0.58717110814968654
1969	-1.5970672350236994	1.5250212035221067	0.60546350065481036	0.59868777534667550
1970	0.89593262978499255	0.64736067055329760	-7.2143377445557974E-002	-0.50662974530275806
1971	2.1114623044841392	0.32033475381569443	0.65317822435178785	-0.62964324256019188
1972	-2.2702541928531295	-0.38852601757167438	-0.26714928617196465	-0.50131854362396822
1973	-1.9949801438439367	1.3943190358614101	-1.3269501849397121	0.42407053805721040
1974	3.2271238067537737	0.16282916502247094	-1.2081673382946003	0.64294026485982791
1975	0.28013797382165673	-0.17801189577449897	0.86009642531822827	0.76202832452455915
1976	1.1055781806969920	-0.41494028686363199	-8.0205648822736036E-002	-0.75572422343704793
1977	-2.4298643826530690	1.1926759616731568	-0.52378752513397298	0.72634088021157694
1978	1.6545547271584735	1.5055539200382435	-1.0867848495991017	-0.83867238805204380
1979	-1.0347658066959111	0.24489064374184519	0.53281482592233653	0.53816861188951515
1980	0.57122106801541350	0.70682093045306571	-8.8249040867474593E-002	1.3148453336811203
1981	3.3712702852130882	1.4747845228585588	7.6912390671452655E-002	0.23725462524796539
1982	3.1227399434556395	2.5867004110739829	0.99312537505250242	-0.69451499708606745
1983	-5.0011054395750545	1.0880490456219096	-0.91251092561367686	-0.19426972632830533
1984	-1.2319471080470128	-2.0736768649555644	-0.78737175321586883	-1.1208250667193882
1985	2.3854577265711456	0.11326681804275887	1.0056551668080707	0.51649307258023169
1986	1.6084150582832426	0.80310330258495710	-0.92992438759886409	-8.1513980640282105E-002
1987	-3.7814029920463303	2.0675845940572297	-0.23376449716526945	-8.2387458611821771E-002
1988	-1.4711565258911177	-0.45895736915987040	-6.7046016390137145E-002	-0.70413088311893290
1989	0.50370342508289334	-1.9826157620044171	1.3136911010493371	-1.2285991224280923
1990	1.0042473947250043	1.5373941429175431	1.4493703357118459	-0.57502671305789488
1991	-0.15458903621189057	0.94228136210529190	0.29355227937105716	0.42228909140339471
1992	-4.1330946763401224	1.4407287534110453	-0.53674876197098564	0.24600461622688258
1993	-4.4227732195218543	-1.2919342648717089	0.37827413364641010	9.1131705699083201E-002
1994	-1.8440154953864576	0.47609811953426279	0.84768929450699504	-0.59494237462080557
1995	-3.4067635578420576	-5.1438862131225241E-002	-0.66300201299709205	-0.21873280061353484
1996	1.3810705339503304	-0.65171231253954165	-2.5205553299351466E-002	-0.64665843708681625
1997	1.0487418283063041	0.79342949661603723	0.43324391744040075	-0.40472500434732545
1998	-3.2184743251716861	-0.40565571665544709	-1.5869207322751762	0.17100967020615010
1999	3.7694023677659123	-0.39191765480935215	0.34559173886126537	0.48843714852848819
2000	4.1915719363826591	-1.6166890740852817	-0.54209892226366951	0.71234021744428178
2001	-3.1645102795048783	-2.5494200427177809	0.63501469461311577	1.9296556258713584
2002	-0.35798586798718973	-1.0298753092204755	0.95369735581600057	0.74356355407450725
2003	-4.1922464093431486	-1.9959619103419286	-0.47330397881588310	-1.4185189075952815
2004	-0.30168619213335485	-1.1454404626845895	0.12989015960489755	-0.51928549087407982
2005	-1.4071163689938619	0.24489456274454841	-0.53711068114367289	-0.94245336065785146
2006	1.9928898174881839	0.18847083450723603	1.2291368951613437	-0.79799531946045787
2007	-1.7612645142885582E-002	1.1251923532943715	0.63013170989878742	-0.27038240989790724
2008	1.2801249286361460	-1.8445556744309530	1.9163366940384303	4.8012770965656502E-002
2009	9.9278296288326434E-002	-1.4080814731424214	0.28283361845042487	1.3162862940056392
2010	2.5512105534190623	0.53111488814349650	0.14419359295345510	0.49300669062416186
2011	2.8273890341929793	-1.4630892214651501	-0.45985410353326689	-0.16803239089593053
2012	4.5407814119988448	2.8564794656254716E-003	-1.9760789420300588	0.11658418869730287
2013	0.25645256903202163	-2.0782635662573923	-2.0074574961459359	-0.23483236834715399
2014	1.8077251276205419	-6.8295788262412685E-002	-1.3890622704345428	0.78811667137200947
2015	-7.4328733365416413E-002	1.8481696246382662	0.77235962202788633	3.8685843550326192E-002
