xmlns:cpt=http://iri.columbia.edu/CPT/v10/
cpt:nfields=1
cpt:field=Predictor_scores, cpt:nrow=58, cpt:ncol=4, cpt:row=T, cpt:col=index 
	1	2	3	4
1958	-2.5106292744973073	0.80790428883192222	-0.74137877244321759	0.66120007434767392
1959	-1.6687910206438661	-0.77873418603307520	-1.9872815307839904	-0.17298453287369833
1960	-2.0017747595750977	1.3017636028491297	-0.32880761183618590	0.77512970289004623
1961	1.3207839166796462	-1.5100117682018492	-0.79959779188483826	-0.22232590353664530
1962	1.6372776474345905	1.1261426254068821E-002	0.62010722009281793	-2.4298126643142293E-002
1963	3.6037098046712082	-0.12619242031976760	0.48358070711986767	-0.38930683060269006
1964	-1.4963335969073810	0.36038161675034885	-1.3652611274490885	0.13188632795501981
1965	3.2079004275796441	-0.30387995322160266	-1.0945857020982031	5.1602088878243663E-002
1966	-1.5296471994416336	-1.3413261110580514	-0.72444099337340540	-0.30760311691390657
1967	1.0242320919379997	-2.1324122311284941	-0.65644195617920642	-0.19994832606492935
1968	1.3247484749775611	1.1563016201118275	4.2314154663800257E-002	0.73523434824186285
1969	-0.30738778540821082	-0.32420905533751931	-0.45450860882624866	-0.41068569916151298
1970	-1.7337207101861889	-0.62915633182598085	0.58243064804222966	8.0791888020796482E-002
1971	3.4044372998471641	-0.55186578675638487	-0.80322163431175819	0.69069346335584370
1972	0.27266288745100609	1.4650235043250914	1.3610173688178351	0.50701986616049832
1973	-3.6994491977609369	-1.8964931028139038	7.6791918438540219E-002	0.77407618192471417
1974	3.7639897373720261	-0.36005074082995880	-3.9673783289702863E-002	-0.16531861689424335
1975	0.96353197995007678	0.73534799929007877	1.7488181923864616	1.2284132052316701
1976	3.0386101716735543	-0.73078801586866293	0.38876899966871636	-8.6969800375115758E-002
1977	-0.46353683278747415	-0.94960464291153013	0.37597030425842698	0.21361975174218498
1978	-1.5034239401531617	0.17750273090428947	-0.47652227415399095	3.5178522601085664E-002
1979	-0.10557439853410101	-0.87372489652742658	0.26119829974502995	0.27282328375927167
1980	-2.4651702144926828	-1.0427574986536730	-0.60519337857750322	-0.26223705380003548
1981	1.5072479391058538	-1.3529559911398521	2.0996946275100119	-0.22788556254452849
1982	-0.68897704688686667	-0.43820539396393082	0.33007217646294013	0.29502312985428281
1983	-4.1308494699072797	-2.2996233137470701	0.17776347485958011	0.78067169396985203
1984	-0.86839290050026796	0.57553094345583344	-1.2084061234508621E-002	-6.6955494521648605E-003
1985	1.1178551705135147	-1.1423120175239347	0.73358344841349898	5.1350508648041623E-002
1986	-0.16587493451917940	0.36811064915477676	2.0775767830879732E-003	-3.5616972228612147E-002
1987	-1.5196184358023099	0.31294877075530902	2.1620400545415746	-0.37026793634536642
1988	1.1715710640853454	-0.72308224272166266	1.5434783678179795	-1.0469800276329313
1989	3.6792949539953574	0.82956792791994816	0.57673968728334013	0.14763241748296760
1990	-3.1432797420373335	1.0996826813150495	-0.81729340067924683	-0.30037256509028942
1991	-2.3790511527108342	-0.77383254188525685	0.18957316627085341	-0.55792081343344113
1992	-4.4905384625406217	1.5229729844616331	3.2344764271701698	-0.31635651014483746
1993	-3.0325329531482579	-1.8112379393083542	0.56753860364617037	-0.35645512962659198
1994	-0.27095087254733707	-1.3450271598849399	7.1678560578798151E-002	-9.6035604471847100E-002
1995	-1.9370369846692002	0.51485809524309922	7.3368657659927256E-002	-0.44074985553227380
1996	0.88334671283361310	-0.90404983567297703	0.14023499813088108	-0.18894474882734585
1997	-5.0380005334632249E-003	-0.14921794606710106	0.76052322616657908	0.23650648034059907
1998	-3.9164832127582296	-3.1250965834126059	1.3298084140627942E-002	0.86004757996279124
1999	5.9455852088460395	-0.50468268830618834	-0.17855682229640446	0.20771840087664567
2000	4.2945172270217133	-8.9572976814602717E-002	-0.86821812829517941	-5.5001237975976502E-002
2001	2.2175625749809948	0.30021306679798748	-6.3994808782172480E-002	-0.14181364555438877
2002	0.13766949456520369	-1.8943078787842540	-0.15306327319951857	-0.42755919549066129
2003	-2.1339640486746001	2.5412399050457370	-1.8805599760251292E-002	-0.44582633457934689
2004	-0.81893707399730120	-1.0445177703901758	-2.3438980672430252	-6.0828592321246704E-002
2005	0.76700449806949200	0.62137876390722813	1.0780301139718931	-0.54650029247358645
2006	0.24284175759235158	1.2120861612483007	-0.41618467262414660	-0.67854571002689268
2007	-1.5083252239895941	3.7635802647006096	-1.1109648693544016	0.65985581076679511
2008	3.3100577740023871	8.6454842426397019E-002	0.89784487326352136	0.32449325826925179
2009	1.8648272393490697	-0.25412333503322743	-0.69821091812677627	-0.35633253833597067
2010	-0.89755061713685502	3.7842632322890664	-0.42951294709069698	0.29728533003637542
2011	2.1886972433554441	2.5255018561872729	0.58682151384342418	0.40654991899468196
2012	1.1788426664527816	1.5736309108408479	-0.85203442125698747	-0.16094094306967927
2013	1.9086994067300525	-0.14129534420915385	-1.5051048362975898	0.23044708644610348
2014	-3.5156363638571397	1.3184382948318432	-0.88193337960634333	-0.71406434164859756
2015	-1.0690289444697259	2.5784015604545387	-0.75306008069409258	-0.88187820708433606
