xmlns:cpt=http://iri.columbia.edu/CPT/v10/
cpt:nfields=1
cpt:field=eigenvalues, cpt:nrow=9, cpt:ncol=3, cpt:row=mode, cpt:col=index 
Mode	Eigenvalue	% variance	Cum. % variance
1	5.2600286193458805	58.444762437176450	58.444762437176450
2	1.5120599049570511	16.800665610633903	75.245428047810350
3	0.96225907969857494	10.691767552206388	85.937195600016750
4	0.78607507857201842	8.7341675396890928	94.671363139705832
5	0.27492841573826582	3.0547601748696200	97.726123314575446
6	9.6751302592082034E-002	1.0750144732453559	98.801137787820807
7	7.4024379887627834E-002	0.82249310986253155	99.623630897683356
8	2.8282087861634123E-002	0.31424542068482358	99.937876318368168
9	5.5911313468656959E-003	6.2123681631841073E-002	100.00000000000000
