xmlns:cpt=http://iri.columbia.edu/CPT/v10/
cpt:nfields=1
cpt:field=eigenvalues, cpt:nrow=9, cpt:ncol=3, cpt:row=mode, cpt:col=index 
Mode	Eigenvalue	% variance	Cum. % variance
1	5.7108948623543876	63.454387359493253	63.454387359493253
2	1.6091664077597050	17.879626752885628	81.334014112378867
3	0.71725639425697219	7.9695154917441426	89.303529604123014
4	0.54852267321539327	6.0946963690599301	95.398225973182946
5	0.26590683805052462	2.9545204227836090	98.352746395966548
6	9.2493353620432261E-002	1.0277039291159149	99.380450325082450
7	3.0117000102987054E-002	0.33463333447763416	99.715083659560079
8	2.0095562789552417E-002	0.22328403099502706	99.938367690555125
9	5.5469078500389223E-003	6.1632309444876965E-002	100.00000000000000
