xmlns:cpt=http://iri.columbia.edu/CPT/v10/
cpt:nfields=1
cpt:field=X_scores, cpt:nrow=28, cpt:ncol=4, cpt:row=T, cpt:col=index 
	1	2	3	4
1983	-2.8939081719867978	-1.2943910705079791	-0.77801868702452326	0.49743175145137036
1984	1.7676185267875084	0.90861791774643963	-2.7260793351702786	0.16183416851784016
1985	0.47171524478513144	0.90100659389682936	0.70196946843397345	-0.82968729808197594
1986	-4.9747179556431931	1.7164395308854572	0.33796060188047666	-0.25266725287215464
1987	-3.3873874711244598	-1.1978222286704550	-0.14623788525584369	-1.3371999650289310
1988	-0.11608145718563199	-0.13750449455020894	-0.21758243066751939	0.97027846342381963
1989	1.1441856941425883	0.63147467313624606	0.57195611119528400	-0.61723159036206032
1990	0.78375895020034592	0.33167537099119626	0.41326805107910364	-0.93852678946026891
1991	-2.9225012892635194	0.84636859710932888	1.7335748544309790	1.0124472125412574
1992	-4.6691505685546302	-0.40526713990492269	1.1899197796817564	0.87891070361892532
1993	-3.4374380903109825	-2.2236691448390888	-0.57604730766588785	9.8047731911083250E-002
1994	-2.8209610092715356	3.2603415474036383E-002	-1.4481205564213286	-1.1272064626955793
1995	-7.5636775094890848E-002	-0.79441724231812627	-4.8697166823060592E-002	-0.38410728371510316
1996	1.6863009193767955	0.24829917109593955	-7.0845143087735721E-002	0.28275104864463979
1997	-0.95182656632887597	0.89306780445282474	1.1417439923895827	6.3470811640099697E-002
1998	-0.14027312190336491	-0.38248169746206789	-1.8751699913478264	0.43239821594604111
1999	1.8792647814230705	-0.57499240986946276	0.54777044555170651	0.21602452249723980
2000	3.1005260555746728	-0.96745438149483709	-1.9133923690964037E-002	0.38957809228478846
2001	8.4882938437827585E-002	1.1946886107750379	-0.90313858565214222	0.38208114133503540
2002	1.3452754996978058	1.0032858667265259	-1.4755245374039206E-002	-1.1730800972876723
2003	-1.6066204262401069	-0.13586133088492161	0.55346923157901806	-0.33853289069143133
2004	2.1591403322766096	-0.67783274887285938	-6.4441383735454041E-003	0.24670526597006473
2005	0.79077129637193966	0.90611031210433080	0.31307432829769372	0.80894574114758255
2006	0.58054172298875162	1.5007836855926107	-1.2374124759674376	0.43614023739475449
2007	3.6177406431305146	-1.6219192992779292	1.0401535756299336	-0.90106468617373270
2008	3.4013429167020210	0.85755674892674572	0.92350823102032997	-0.12167225014118128
2009	2.0767029190926993	-1.0988317002874455	0.34060221433716659	0.74761125734954403
2010	3.1067344619187773	-0.45953340997542552	0.25871198701485099	0.39632020083722375
