xmlns:cpt=http://iri.columbia.edu/CPT/v10/
cpt:nfields=1
cpt:field=X_loadings, cpt:nrow=9, cpt:ncol=4, cpt:row=station, cpt:col=mode 
Station	Latitude	Longitude	1	2	3	4
prec_1	34.882520000000000	-101.25000000000000	-0.33860096668903117	-0.23226596636362218	0.33555937268788738	-0.46226572771634078
prec_2	34.882520000000000	-98.437500000000000	-0.34473578359448265	-0.26588727329663131	0.28052134319424810	-2.4106246287226851E-002
prec_3	32.091940000000001	-101.25000000000000	-0.35066631910114587	8.5249782772876814E-004	0.33763680919137556	-0.28857440814557134
prec_4	32.091940000000001	-98.437500000000000	-0.32075295445092389	-6.4820840915052080E-002	0.39818178188851855	0.73236303485299536
st_1	34.882520000000000	-101.25000000000000	0.36652744705037427	-4.1171424492178130E-002	0.38890794582699578	0.20469032167964801
st_2	34.882520000000000	-98.437500000000000	0.37142145599367515	-3.1310346656922297E-002	0.30320821079386362	-6.8260217796448475E-002
st_3	32.091940000000001	-101.25000000000000	0.35892913666662257	-0.20549496251576321	0.31549677027808826	9.3481339527692525E-002
st_4	32.091940000000001	-98.437500000000000	0.36734274860463761	-7.8859691346316957E-002	0.29912852134983914	-0.32475043625742633
08.0	32.932977780000002	-99.215388899999994	-6.7751104872355430E-002	0.90555593756404262	0.32242773345964154	-7.3070446836930980E-002
