xmlns:cpt=http://iri.columbia.edu/CPT/v10/
cpt:nfields=1
cpt:field=X_loadings, cpt:nrow=9, cpt:ncol=4, cpt:row=station, cpt:col=mode 
Station	Latitude	Longitude	1	2	3	4
prec_1	34.882520000000000	-101.25000000000000	-0.35071051367768780	-1.9203050301635369E-002	0.37824543891371692	-0.61522632160821911
prec_2	34.882520000000000	-98.437500000000000	-0.35290079298563287	-3.0406462698938694E-002	0.39159691437064442	0.11748992298805960
prec_3	32.091940000000001	-101.25000000000000	-0.35263818280827103	2.1612591886125500E-002	0.28502046009123772	-0.18381243731155533
prec_4	32.091940000000001	-98.437500000000000	-0.35180827913516083	-1.4843000482148054E-002	0.35137571274908508	0.64172751854612275
st_1	34.882520000000000	-101.25000000000000	0.35649128127155338	-3.0636484411112695E-002	0.31991005360348090	0.10698579205287297
st_2	34.882520000000000	-98.437500000000000	0.35262290202276109	-8.2501970893787795E-003	0.41973361253155328	0.26143471503602805
st_3	32.091940000000001	-101.25000000000000	0.35606829055047307	-3.2503884992839925E-002	0.27813938812969896	-0.21938061799442155
st_4	32.091940000000001	-98.437500000000000	0.35476225948659468	-1.7123547910953701E-002	0.37521461766050335	-0.18484963931260900
04.0	32.932977780000002	-99.215388899999994	1.6449307539324883E-002	0.99782908994082198	4.7057560446340296E-002	3.9546698520800949E-004
