xmlns:cpt=http://iri.columbia.edu/CPT/v10/
cpt:nfields=1
cpt:field=X_scores, cpt:nrow=28, cpt:ncol=4, cpt:row=T, cpt:col=index 
	1	2	3	4
1983	7.8098888243072331E-002	-1.9913606160495019	0.99578686190256727	-0.14768360515328907
1984	-0.65405376929486092	-0.76842560433617579	0.51153345974495545	-6.7444388434631034E-002
1985	0.47070371293915503	-0.26351301531416260	0.30330590297831050	0.44761865025741537
1986	1.4362782426216556	0.13655452744962318	0.77262220168485207	0.24197212127467094
1987	2.6794847124076289	0.49956596040481355	-0.27229123082072954	-0.24569447840152997
1988	-3.1380565605778998	0.56462376808554082	0.84083489061187899	8.5584544560241255E-002
1989	-0.51771688604675392	-0.22942719839350414	0.96981151613171868	0.48330764262764647
1990	2.2802370295999976	1.5250965731373443	-0.49151696978325959	-0.25692926314539727
1991	4.7626984895353210	0.96998186071067183	-0.59393255195177430	-0.16673891811154584
1992	2.4092995438235683	-0.86487784024807368	1.5132448749563960	-0.56120609251543851
1993	3.0617479962246366	-0.30130497164561437	0.32536464343701416	7.0176993430163162E-002
1994	1.2565843786043924	0.37928022241194670	-0.19209427542122973	0.12977938365136565
1995	-2.8871384393989978	1.5633255085229292	-0.26535613309421718	-0.28114931344400390
1996	-0.93667458380763202	0.13654086742486329	0.96371965163146067	-0.75265464715175256
1997	6.9604435885867071	-0.34238413903020332	-0.57384015253112275	0.44506449093497680
1998	-2.6431077648998813	-1.8134840693537737	-1.5785412895251822	0.39231575479622410
1999	-1.0920335952363718	-1.7963195561863810	-1.7636299111647169	-0.31618648646954106
2000	-2.7467173542378238	-1.9682915087842958	-1.3564277406321343	-0.29692627220790885
2001	-5.8188894112169362E-002	0.13925288299706282	-2.1252541061262221E-002	0.25074749510106192
2002	0.55891425008237050	-9.0977272178727878E-002	0.11698462569988455	0.27799415256267657
2003	-2.6481934536589420	1.0024355866767780	-0.81331119169549893	-1.9484311060313349E-002
2004	1.2204903750539462	0.25600678081599987	-0.17071967200904023	-9.8815689950132915E-002
2005	-1.0248338962160821	0.68752434665863149	0.14941605919741441	0.12823867136430192
2006	-0.91798202489700342	-1.4632600215965590	1.2730978549707104	4.9655479429222521E-002
2007	-3.6892493482751103	1.2465008091689229	0.12911489258900508	0.51713335949645334
2008	-2.3185185298484932	0.31010113224991387	0.47496521445427786	2.9758758916808077E-002
2009	1.9325005163645839	1.0004037380068114	-1.2421755841883451	-0.17578796509607150
2010	-3.8350166235777738	1.4764312483943123	-4.7134061109796958E-003	-0.16264606726205957
