xmlns:cpt=http://iri.columbia.edu/CPT/v10/
cpt:nfields=1
cpt:field=eigenvalues, cpt:nrow=9, cpt:ncol=3, cpt:row=mode, cpt:col=index 
Mode	Eigenvalue	% variance	Cum. % variance
1	7.2353326230685200	80.392584700761319	80.392584700761319
2	0.83679881419736890	9.2977646021929861	89.690349302954289
3	0.59665062013397407	6.6294513348219333	96.319800637776225
4	0.16135549487188422	1.7928388319098241	98.112639469686059
5	9.4076766494753036E-002	1.0452974054972559	99.157936875183310
6	4.9147724143884366E-002	0.54608582382093729	99.704022699004256
7	1.3338556576376273E-002	0.14820618418195855	99.852228883186214
8	1.2205566017702073E-002	0.13561740019668969	99.987846283382908
9	1.0938344955390678E-003	1.2153716617100751E-002	100.00000000000000
