xmlns:cpt=http://iri.columbia.edu/CPT/v10/
cpt:nfields=3
cpt:field=undefined_relodds_B, cpt:nrow=58, cpt:ncol=1, cpt:row=T, cpt:col=station, cpt:missing=-999.00000000000000               
	09.0
cpt:Y	32.932977780000002
cpt:X	-99.215388899999994
1958	1.5431732602730208
1959	1.3950006782025544
1960	2.0271355603379448
1961	1.2174961271695828
1962	2.7772973387889954
1963	17.265503742041304
1964	0.84254398471371961
1965	7.9660708705330077
1966	1.7027136449841334
1967	1.9195727444930415
1968	1.2556331883663958
1969	1.7145102910808907
1970	4.2630124200430997
1971	0.23882569024811420
1972	0.40843042483303499
1973	0.98077757492096862
1974	0.53198800319182160
1975	0.68956580514460997
1976	0.50238733430719973
1977	2.1136632341685169
1978	0.31525622089420990
1979	1.2106489139722318
1980	0.74157403930096988
1981	1.0619689817907005
1982	1.0936922495032604
1983	1.9061071404827359
1984	1.0761328280654623
1985	0.82472080000659920
1986	0.72658430711812616
1987	0.66101767044001269
1988	1.7074145440111659
1989	3.9610909767439462
1990	0.57613031743702003
1991	0.57533514309837952
1992	0.50048942059880841
1993	1.3720251389900429
1994	1.4521913441850702
1995	1.0720424123760224
1996	0.85586207261505964
1997	2.2613520353902326
1998	60.820025855736603
1999	39.960237862875644
2000	19.963305343576604
2001	36.871819351451862
2002	1.2938493531214312
2003	3.0166166283343419
2004	1.1425186725269709
2005	0.61781738938534225
2006	30.789498206693018
2007	1.0184968409925961
2008	1.6032053557007118
2009	1.8401629896761622
2010	3.1738705152205258
2011	15.767869963438724
2012	30.344944157625822
2013	2.6199373236583345
2014	6.5360628461709318
2015	2.1981060390718365
cpt:field=undefined_relodds_N, cpt:nrow=58, cpt:ncol=1, cpt:row=T, cpt:col=station, cpt:missing=-999.00000000000000               
	09.0
cpt:Y	32.932977780000002
cpt:X	-99.215388899999994
1958	0.59839504606864935
1959	0.60054047348198503
1960	0.58680731197628577
1961	0.62080234886767405
1962	0.51843616134418491
1963	0.14947105186777723
1964	0.58783481411453586
1965	0.27020603089127532
1966	0.60534085842370355
1967	0.58659084348947843
1968	0.62479612779682214
1969	0.60455986464250711
1970	0.39860974912099145
1971	0.34962044868229247
1972	0.46214471966382353
1973	0.61645825008681965
1974	0.52232011411700008
1975	0.56250064514057574
1976	0.50548399068136940
1977	0.57138287473034288
1978	0.40908351469012461
1979	0.62636738038613882
1980	0.55994455612960814
1981	0.62232845804506010
1982	0.61836674242854828
1983	0.59752269259864366
1984	0.61482594242713551
1985	0.59326095480480723
1986	0.57342189080230221
1987	0.56536563150215446
1988	0.60977494732945381
1989	0.44632216903382510
1990	0.53777564869970274
1991	0.53838604500534093
1992	0.49225179444587219
1993	0.62583174752955517
1994	0.60392682715162160
1995	0.61077791249528912
1996	0.60301283975510234
1997	0.54871588784924974
1998	4.8139769969715140E-002
1999	7.1082904768839675E-002
2000	0.13265363523056242
2001	7.6591278067162566E-002
2002	0.62292227824778079
2003	0.50989013691083129
2004	0.62108614742693413
2005	0.52380849221889569
2006	9.0493319941270967E-002
2007	0.60011397741769679
2008	0.61462021040486126
2009	0.59917118153615423
2010	0.45716753497800122
2011	0.16175345486424433
2012	9.1737470829945156E-002
2013	0.54353693300662043
2014	0.32760066045126429
2015	0.54857075754877949
cpt:field=undefined_relodds_A, cpt:nrow=58, cpt:ncol=1, cpt:row=T, cpt:col=station, cpt:missing=-999.00000000000000               
	09.0
cpt:Y	32.932977780000002
cpt:X	-99.215388899999994
1958	1.0037772405087360
1959	1.1161015892854476
1960	0.73891841393614910
1961	1.2505866646093815
1962	0.54061931066817781
1963	7.0980724869935397E-002
1964	1.8200157503859229
1965	0.17783836469968173
1966	0.88933108682219442
1967	0.79126204862515415
1968	1.2065863902919491
1969	0.88314487874989578
1970	0.36169748227187010
1971	5.8286089830207048
1972	3.5977922296041625
1973	1.5420670960182847
1974	2.7940238686237353
1975	2.2025817510169703
1976	2.9687681357632134
1977	0.71730369116418968
1978	4.5365138874540065
1979	1.2490482538410457
1980	2.0880972666844602
1981	1.4238100605806427
1982	1.3916220480808932
1983	0.78544985447587357
1984	1.4190152763296617
1985	1.8407201796516990
1986	2.0874202382324460
1987	2.2662854726751975
1988	0.88105190852749837
1989	0.36145034590951225
1990	2.5918949860018934
1991	2.5924243251520376
1992	3.0293026051097276
1993	1.0997122208924399
1994	1.0647250043488363
1995	1.4310489203907115
1996	1.7640282592998233
1997	0.68112146846875843
1998	1.6805716354786254E-002
1999	2.7045982023421351E-002
2000	5.9434805989245568E-002
2001	2.9566688199981993E-002
2002	1.1730952387889522
2003	0.48608630736233210
2004	1.3304171572091679
2005	2.5090580912841722
2006	3.6052622817311870E-002
2007	1.5197541495980917
2008	0.94113664467501701
2009	0.81804167292680985
2010	0.50157321728043780
2011	7.8435189040945943E-002
2012	3.6610929965757585E-002
2013	0.56151790681265978
2014	0.20641930592902863
2015	0.70694191170240095
