xmlns:cpt=http://iri.columbia.edu/CPT/v10/
cpt:nfields=3
cpt:field=undefined_relodds_B, cpt:nrow=28, cpt:ncol=1, cpt:row=T, cpt:col=station, cpt:missing=-999.00000000000000               
	04.0
cpt:Y	32.932977780000002
cpt:X	-99.215388899999994
1983	1.4040134858283904
1984	1.5927497572239031
1985	0.14569841108996612
1986	1.7509873488125058
1987	6.6089119530858526E-002
1988	1.1539485952943374
1989	0.52609754987855328
1990	0.18792051283849079
1991	0.86251178105060866
1992	6.6598092441984308E-002
1993	0.46225036067112968
1994	1.6425385955055103
1995	1.7989418988802848
1996	2.2024196280269090
1997	0.31885489428586439
1998	0.53166319643670334
1999	1.1216885121066604
2000	0.36076193128855077
2001	0.23625258251836623
2002	0.28276224921680948
2003	3.0281513806852480
2004	1.5351631363660052
2005	0.76971810771243032
2006	2.0732904722809988
2007	3.2386544559512478
2008	0.20674725579894990
2009	2.5401092171559312
2010	0.30294653269946809
cpt:field=undefined_relodds_N, cpt:nrow=28, cpt:ncol=1, cpt:row=T, cpt:col=station, cpt:missing=-999.00000000000000               
	04.0
cpt:Y	32.932977780000002
cpt:X	-99.215388899999994
1983	1.5312138651534111
1984	1.4663537655407222
1985	0.92534818606204394
1986	1.4262353979621250
1987	0.52302747444120590
1988	1.7229907555176729
1989	1.7111416494560501
1990	1.1743994622090999
1991	1.8303026130764546
1992	0.49828352861205988
1993	1.7500940066423492
1994	1.4743368007467734
1995	1.3915537588160631
1996	1.2395214106268388
1997	1.5678073076427472
1998	1.7018531598612086
1999	1.6582332330186846
2000	1.5243174597379012
2001	1.3390595665945304
2002	1.4286868831049118
2003	0.97818065446361413
2004	1.5344169797946750
2005	1.8450083489311904
2006	1.2908871585199846
2007	0.93475271860107756
2008	1.2058707114772547
2009	1.1108056867330853
2010	1.5310579131215567
cpt:field=undefined_relodds_A, cpt:nrow=28, cpt:ncol=1, cpt:row=T, cpt:col=station, cpt:missing=-999.00000000000000               
	04.0
cpt:Y	32.932977780000002
cpt:X	-99.215388899999994
1983	0.36384046998034281
1984	0.30854069481483476
1985	3.2053069601921562
1986	0.26481073316050735
1987	6.3580912937137919
1988	0.41350091143566581
1989	0.98798582985993533
1990	2.3874121827593999
1991	0.56686370777012884
1992	6.6327343845996305
1993	1.0561648970554485
1994	0.28497539259451743
1995	0.26285966780312836
1996	0.20578044436836748
1997	1.4665834040214891
1998	0.98625327767494053
1999	0.46120800886003588
2000	1.4168752482989426
2001	1.9472988294796114
2002	1.6999025920540130
2003	0.14894656480314405
2004	0.30310985582779792
2005	0.63939315861093970
2006	0.21912133740982548
2007	0.13507748241811687
2008	2.2568297629343324
2009	0.18206804054083900
2010	1.5389156264944190
