xmlns:cpt=http://iri.columbia.edu/CPT/v10/
cpt:nfields=2
cpt:field=undefined, cpt:climit=lower (95.%), cpt:nrow=58, cpt:ncol=1, cpt:row=T, cpt:col=station, cpt:units=none, cpt:missing=-999.00000000000000               
	09.0
cpt:Y	32.932977780000002
cpt:X	-99.215388899999994
1958	-3.9101089702605143
1959	-3.7069397775117654
1960	-4.3483105498963468
1961	-3.2563668729420021
1962	-5.2041595556658997
1963	-9.3029373832450162
1964	-2.5305578078548274
1965	-8.0182868413560549
1966	-3.9919835954718952
1967	-4.3085653638790227
1968	-3.2934442542201587
1969	-4.0081647801987508
1970	-6.7253036893471414
1971	5.0516937958115626E-002
1972	-1.0093278340151643
1973	-2.7598858096686447
1974	-1.5153783840333492
1975	-2.0914308923879199
1976	-1.4290931060243297
1977	-4.5415357228136140
1978	-0.48008029683604292
1979	-3.2022157166496927
1980	-2.3321907492722787
1981	-2.9227952705988614
1982	-3.0232217744718577
1983	-4.1907783782329009
1984	-3.0085791769911143
1985	-2.4333957449517190
1986	-2.1834876230262301
1987	-1.9442477425223945
1988	-3.9543357189227271
1989	-5.8569637879265706
1990	-1.6784614437880876
1991	-1.6705963251118456
1992	-1.4946434820126111
1993	-3.4651368175649617
1994	-3.7540176442632429
1995	-3.0281637868445053
1996	-2.4767753012585176
1997	-4.8374257378089132
1998	-11.707101686460113
1999	-10.907458941075067
2000	-9.4914712242377419
2001	-10.728800904930308
2002	-3.3710136487635252
2003	-5.2541552242185174
2004	-3.1085417214072830
2005	-1.9875063311565428
2006	-10.309713809723021
2007	-2.9731404878494878
2008	-3.8241269238115492
2009	-4.1410527485130793
2010	-6.0897702188256169
2011	-9.0793649376807277
2012	-10.269632153204920
2013	-4.8901802997985264
2014	-6.9221860123327286
2015	-4.8293983470267232
cpt:field=undefined, cpt:climit=upper (95.%), cpt:nrow=58, cpt:ncol=1, cpt:row=T, cpt:col=station, cpt:units=none, cpt:missing=-999.00000000000000               
	09.0
cpt:Y	32.932977780000002
cpt:X	-99.215388899999994
1958	10.517175074476782
1959	10.775453869263099
1960	9.7223358577453602
1961	10.885548948711119
1962	9.1593653025605590
1963	5.3897273009584303
1964	11.812907436616776
1965	7.0813313604703296
1966	10.139337735480504
1967	9.9255772806004696
1968	10.776692704832678
1969	10.125006971206172
1970	8.5588603519170352
1971	14.389269270162256
1972	13.349503329579857
1973	11.318615997475280
1974	12.713600587316142
1975	12.232343820130648
1976	12.910324338133318
1977	9.7274529772831286
1978	13.828902267244661
1979	10.840588658133465
1980	12.236396109142376
1981	11.132753342687680
1982	11.122587345047481
1983	9.8361227311545747
1984	11.188506817802079
1985	11.770316238132933
1986	12.082139934514437
1987	12.206540818104179
1988	10.084898629593962
1989	8.2792028965562565
1990	12.541860885003000
1991	12.533591675035382
1992	13.099130940149182
1993	10.553989289158441
1994	10.631047380208685
1995	11.238257876943830
1996	11.627888034612109
1997	9.7100994048192000
1998	3.1293905507571855
1999	3.8471939513214433
2000	5.0926574068527692
2001	3.9857959670168959
2002	10.726844117324546
2003	8.8698017469676707
2004	11.012662887824064
2005	12.742532583118500
2006	4.2967022884024093
2007	11.438925688736044
2008	10.233090047491904
2009	9.9429378744951755
2010	9.2992380057109774
2011	5.5557477514085178
2012	4.3211269781136359
2013	9.1359220554031317
2014	7.2105278902848990
2015	9.8283148127000342
