xmlns:cpt=http://iri.columbia.edu/CPT/v10/
cpt:nfields=1
cpt:field=Predictor_scores, cpt:nrow=28, cpt:ncol=4, cpt:row=T, cpt:col=index 
	1	2	3	4
1983	-4.1762388960572938	-0.57644457241433977	-0.22143427960531673	0.31565113740066697
1984	3.2145959068495236	-0.78484380702827339	-0.47044129774883209	0.14502975216414837
1985	3.8578792457437801	1.2874206896500966	-0.51057794958421721	0.36874630289681598
1986	1.0061812594621518	-0.84678993783947987	-1.3986185819960633	-0.28151864166177731
1987	-2.4709552783864024	2.0123547949951428	8.3290273045220631E-002	-0.14503184536040878
1988	-1.3466345465959095	-0.45019395586180633	0.58115467789447528	-1.2969678310581441
1989	4.2354448097118631	0.19622717992503302	0.58186695757807805	0.26684885708280937
1990	-0.94077697966723295	1.0637307416746362	-0.49273602723795734	-0.35112859730145884
1991	-2.1600120401805034	-0.18371393017797111	9.4769346532930690E-002	1.5811700892569937E-003
1992	-3.9332771166812797	2.0962236185074419	0.12665923630387135	-2.0002432409678694E-002
1993	-2.3513472982418242	0.35227552727756672	-0.45333080199713394	-0.13025885093916517
1994	-1.4936416993714450	-0.75908488967676557	-1.2561724527971057	-0.19536352521392419
1995	-2.3504439327455109	-0.82917812112116640	0.14325499186489640	0.76839250295206263
1996	0.64071792304457154	-1.0483105174892708	0.33910585789637804	3.6289691209073598E-002
1997	-0.95655457366577801	0.62829316266856394	-0.36274465751453105	-0.19881468492956855
1998	-4.4023622155071207	0.29713877638334363	-0.20214378724989385	0.17189208420865454
1999	4.1264606962851769	-0.47338460610787902	0.33309923309137174	-0.57239460255362029
2000	4.2675529125160772	0.52238660939672443	0.68966665073725086	-0.17363078140101484
2001	1.5466829155965864	0.84971921703769038	1.1622058432439950E-002	0.49300143578257605
2002	2.9237006377066534	0.70933429731597530	-1.0241718119054088	-0.45271306362606389
2003	-2.3896648572274142	-1.3059908989935627	0.24006907253105281	0.57792412345257682
2004	0.21633455484477951	-0.72090186376225807	0.10922609595124563	5.2043893499829658E-002
2005	-2.3746885258207002	-8.1147586696567117E-002	1.1587715112819763	-0.21591840868928633
2006	3.6365657192951942E-002	-0.98642460615336902	0.86224800708604210	-0.27014007529294565
2007	-1.0695441092531675	-1.3804877632587405	6.0867069652948171E-002	0.13648438002248325
2008	2.7749194595688986	0.96913692644360172	-2.8728478952164599E-002	0.78445941864983759
2009	2.4584949310471891	-1.2029331170231063	-0.27808664475864153	8.6975729255266504E-002
2010	1.1108111598313106	0.64558863232872876	1.2835157314670598	9.8562861771248705E-002
