xmlns:cpt=http://iri.columbia.edu/CPT/v10/
cpt:nfields=1
cpt:field=X_loadings, cpt:nrow=9, cpt:ncol=4, cpt:row=station, cpt:col=mode 
Station	Latitude	Longitude	1	2	3	4
prec_1	34.882520000000000	-101.25000000000000	-0.35646399902708481	0.13795020784620515	0.14131618345826424	-0.50612316516174904
prec_2	34.882520000000000	-98.437500000000000	-0.33047888978484286	0.16038591197635674	0.45993299376403218	-0.20592957724302469
prec_3	32.091940000000001	-101.25000000000000	-0.35424713008318082	7.0914599323180519E-002	0.17162482029345483	-0.34571179476470720
prec_4	32.091940000000001	-98.437500000000000	-0.30708596821457373	-5.1348074190813442E-003	0.57485051123401321	0.68717534235025413
st_1	34.882520000000000	-101.25000000000000	0.36148870978659481	0.17642348654255588	0.23591018464244243	7.3931946924427339E-003
st_2	34.882520000000000	-98.437500000000000	0.35144054636410577	0.22163798505520432	0.30810292839768250	-1.4357042207273768E-002
st_3	32.091940000000001	-101.25000000000000	0.36086922646944986	0.17462528267314970	0.22050895405482943	-0.11300738901021132
st_4	32.091940000000001	-98.437500000000000	0.34866446853638156	0.26374937560832473	0.27224610339778960	-0.20358611740339161
05.0	32.932977780000002	-99.215388899999994	-0.19479795839137828	0.87743061676960110	-0.36777713223416275	0.23500424160117525
