xmlns:cpt=http://iri.columbia.edu/CPT/v10/
cpt:nfields=3
cpt:field=undefined_prob_B, cpt:nrow=28, cpt:ncol=1, cpt:row=T, cpt:col=station, cpt:units=%, cpt:missing=-999.00000000000000               
	03.0
cpt:Y	32.932977780000002
cpt:X	-99.215388899999994
1983	9.1683391276479682
1984	38.116063746982277
1985	3.5172492373829698
1986	34.197139716608234
1987	1.5943368664473923
1988	24.334803668176463
1989	20.217085768294865
1990	41.157651740161839
1991	14.522977787262576
1992	0.21788396312804537
1993	15.067961088615377
1994	7.9180040862795522
1995	33.966685059285012
1996	39.781683064057937
1997	5.5691939784120592
1998	22.103817964245707
1999	49.453575740695108
2000	71.316723508848526
2001	7.4082612667737493
2002	43.589258060088532
2003	49.970941405666693
2004	56.527196779860567
2005	17.237155659255095
2006	52.537112468833705
2007	57.628747231879395
2008	32.698706083830785
2009	65.140888221703435
2010	11.417742103927438
cpt:field=undefined_prob_N, cpt:nrow=28, cpt:ncol=1, cpt:row=T, cpt:col=station, cpt:units=%, cpt:missing=-999.00000000000000               
	03.0
cpt:Y	32.932977780000002
cpt:X	-99.215388899999994
1983	40.347931838131871
1984	48.482262232084615
1985	26.665840250332266
1986	49.714870380863687
1987	15.865828747714232
1988	52.777904788074579
1989	48.102481070830180
1990	46.916047100949754
1991	49.949702807860767
1992	3.4092653888296951
1993	50.162112952195457
1994	40.893127271272391
1995	49.725857479605224
1996	47.888894233206365
1997	32.791889598367860
1998	49.212824017166668
1999	40.564186252632751
2000	25.575372428909944
2001	39.503298259357159
2002	45.637519837738047
2003	41.402954020217692
2004	37.336353404945598
2005	50.902981048597169
2006	39.575474182429730
2007	36.161957695884631
2008	48.535494571873542
2009	30.740497494363126
2010	42.623572075322393
cpt:field=undefined_prob_A, cpt:nrow=28, cpt:ncol=1, cpt:row=T, cpt:col=station, cpt:units=%, cpt:missing=-999.00000000000000               
	03.0
cpt:Y	32.932977780000002
cpt:X	-99.215388899999994
1983	50.483729034220161
1984	13.401674020933108
1985	69.816910512284764
1986	16.087989902528076
1987	82.539834385838375
1988	22.887291543748958
1989	31.680433160874959
1990	11.926301158888403
1991	35.527319404876657
1992	96.372850648042260
1993	34.769925959189166
1994	51.188868642448057
1995	16.307457461109767
1996	12.329422702735696
1997	61.638916423220081
1998	28.683358018587629
1999	9.9822380066721443
2000	3.1079040622415222
2001	53.088440473869092
2002	10.773222102173422
2003	8.6261045741156117
2004	6.1364498151938385
2005	31.859863292147740
2006	7.8874133487365619
2007	6.2092950722359719
2008	18.765799344295672
2009	4.1186142839334376
2010	45.958685820750169
