xmlns:cpt=http://iri.columbia.edu/CPT/v10/
cpt:nfields=1
cpt:field=eigenvalues, cpt:nrow=9, cpt:ncol=3, cpt:row=mode, cpt:col=index 
Mode	Eigenvalue	% variance	Cum. % variance
1	7.4076480152059121	82.307200168954608	82.307200168954608
2	0.98121382752049935	10.902375861338886	93.209576030293491
3	0.42822090177523953	4.7580100197248854	97.967586050018383
4	7.5033916813756235E-002	0.83371018681951403	98.801296236837899
5	5.5336862981941577E-002	0.61485403313268439	99.416150269970601
6	2.0153448584905607E-002	0.22392720649895129	99.640077476469543
7	1.6950936877550508E-002	0.18834374308389462	99.828421219553434
8	1.2512728288436034E-002	0.13903031431595600	99.967451533869394
9	2.9293619517540368E-003	3.2548466130600424E-002	100.00000000000000
