xmlns:cpt=http://iri.columbia.edu/CPT/v10/
cpt:nfields=1
cpt:field=X_loadings, cpt:nrow=9, cpt:ncol=4, cpt:row=station, cpt:col=mode 
Station	Latitude	Longitude	1	2	3	4
prec_1	34.882520000000000	-101.25000000000000	-0.36309306092296523	-0.23119948190638562	9.2975307358844683E-002	-0.42489404730669678
prec_2	34.882520000000000	-98.437500000000000	-0.30798681921291793	-0.30960045133516961	0.40950306584589963	-0.36143242986806501
prec_3	32.091940000000001	-101.25000000000000	-0.34405820211710531	-0.31802112432402019	0.12396322297133952	-4.3886996420180013E-002
prec_4	32.091940000000001	-98.437500000000000	-0.24678244148270867	-0.39451518585116863	0.24403196937666502	0.79836146719498235
st_1	34.882520000000000	-101.25000000000000	0.39254697196813287	-0.23984952308994473	0.15710674811167882	4.3014627536601943E-002
st_2	34.882520000000000	-98.437500000000000	0.38156341935209320	-0.29151173102585831	0.13775387858348731	1.5362720175406894E-002
st_3	32.091940000000001	-101.25000000000000	0.39751605997606682	-0.18721779750921275	0.16451341226384214	-9.3416541269106187E-002
st_4	32.091940000000001	-98.437500000000000	0.36918051131002738	-0.27882061186901497	0.23740471574986818	-0.18670299159015752
05.0	32.932977780000002	-99.215388899999994	-5.7351873064029613E-003	0.58190752904254728	0.78845419988421195	6.2077514784284867E-002
