xmlns:cpt=http://iri.columbia.edu/CPT/v10/
cpt:nfields=1
cpt:field=X_scores, cpt:nrow=28, cpt:ncol=4, cpt:row=T, cpt:col=index 
	1	2	3	4
1983	-5.1316062082861746	-0.18583162868443251	-0.13876149226334172	0.45650340712031889
1984	0.30924550504147014	-2.1714017943398676	-0.14851063841315362	-6.3357909262112641E-002
1985	0.19643504141276419	0.20978965871638441	1.0712099258355137	-0.71553820575488813
1986	-1.3310676245058324	-0.60132808942141514	-0.76612596651330089	-0.49241289487793877
1987	-6.0170317331316712	0.68396560581121524	0.33197599390469079	0.52307018316482934
1988	1.7628225044375976	-3.2209594742316848E-002	-0.57580168343522797	4.4646385773534400E-002
1989	0.59079436570393762	-0.94296750559872666	1.0115194090729651	-0.20225638002120311
1990	0.66119556426882353	1.9498163054147049	0.41737907909813499	-0.24531642719898672
1991	-0.58404002721002934	0.79123724859379652	0.27331652769779619	-0.70970218819295061
1992	-7.8300727931866341	-0.22852166677237024	-6.8616688512668694E-002	0.15237210127845982
1993	-0.30464337745410436	1.1257279978213572	-1.5666825360376213	-3.8575601161464218E-002
1994	-1.8603306892811671	0.94731514579609499	0.78507903980443405	-0.38618450662627651
1995	0.82346162497167030	-0.35002682280771702	-0.26842352892622073	-0.36003228512577634
1996	2.0092207818336414	-1.0533439189157756	0.51831500455754653	-0.28763463882074242
1997	0.77965718662201677	0.92746102606854186	-0.21197516147384804	-0.19744914761231844
1998	-0.41311305949229177	-1.2364309962789639	-1.0195988140137719	0.29027568637306722
1999	3.9180566593925978	-0.36516378476429784	0.70018221574382711	0.26753925249017241
2000	1.2718675978402261	-2.1758263677346310	0.32133112408407943	0.42072470465914164
2001	-1.4426199170403364	-0.45159699971620143	0.78153766986497686	-0.40149958718237122
2002	-1.4874515141762021	0.14661715444657988	5.6490213840885525E-002	-0.22578925826616728
2003	0.99458708160451370	-0.90341023458140635	-0.71831949123367167	0.27135377459080373
2004	1.0024061793891739	0.31403290801576328	-1.2894688662134999	8.1095014413025863E-003
2005	2.3681609788585667	0.19658334730937627	-0.80555078677884118	-0.36409304001503479
2006	1.2222203037754629	0.75216336441907150	0.74987725003215977	0.82290965307700337
2007	2.3247307622222051	1.8211793062543589	1.4491235487973410E-002	0.54537726558242272
2008	2.2782054800215810	0.26796491807527639	1.4677341261780115	0.60108833213463453
2009	0.93138217108669907	-0.35330965546746740	-8.9161239651401838E-002	4.1465203344373050E-003
2010	2.9575271552812730	0.91751507308322067	-0.83344192173674392	0.28172530209767138
