xmlns:cpt=http://iri.columbia.edu/CPT/v10/
cpt:nfields=1
cpt:field=Predictor_scores, cpt:nrow=58, cpt:ncol=4, cpt:row=T, cpt:col=index 
	1	2	3	4
1958	-3.5299108585122863	-0.47993874648170798	1.4493843819250674	-0.15847217632640506
1959	-0.99883044182214875	-0.23188807310970241	-0.47396686713049080	-0.36615841389189852
1960	2.3326812938021284	0.30650940230859547	-0.91204004377861569	-0.12917571049505572
1961	1.1694855109661286	1.0861364339677486	0.18784896221703457	-0.19051070258509845
1962	1.5835239209215124	1.5146058011592411	0.27333937717371792	-2.3321603877000247E-002
1963	2.0407037942711770	0.18165887269291542	-0.19558596677566417	-0.19347183480699265
1964	2.5638848113639874	0.91677133901343966	-0.69336413772691774	-0.31542572722323703
1965	-4.2702623102035001E-002	-0.67492693138409809	1.6136153664686543	-1.3022222188302185E-002
1966	-1.4067632449959744	0.96990284448666830	-0.18572347058520788	0.17553058730761478
1967	0.63547710205337238	1.3177128821359851E-002	0.86159942599489692	0.28676537831654125
1968	3.5492407990349011	-0.74180735058402192	-2.5729686721565281E-002	-0.30227064205441334
1969	2.0028473820461876	1.0453805604470117	0.58462530090098286	4.6218004355098596E-002
1970	0.14383041552833500	0.70131687541857246	-0.89610622263480999	0.57917454091356502
1971	-0.40290482073961975	0.42447110586652426	1.0561299673778632	-0.63509644390540410
1972	-2.7659755780040496	0.72866259209109308	-0.45731784957320837	0.66772727553617783
1973	0.25194962495157747	1.0692911170924102	-0.55076076118954120	-0.12255364390851142
1974	-2.0204973435378131	2.1150895043280245	-1.4969097920590495	0.46238556391958069
1975	1.5214826150681573	0.66816866481374582	-0.21892246239075111	0.39348155022782233
1976	-3.3849282567971266	-0.14158409474253347	0.27748577480617148	1.6099993396100673E-003
1977	-2.1584915747978597	0.51788260472275871	-0.54347135495498744	-0.31096069794468983
1978	1.5720860006376074	1.2198606612120046	-0.47214755015352894	0.31555312020578841
1979	0.37064340996350426	-0.56962754607888033	0.20763571196186684	-0.31060100211288388
1980	0.79920164566184337	0.46242154869675195	1.3578815342643655	0.71188665221379155
1981	0.82712893547656663	0.33425187902749215	0.21443298461952709	-0.18382186757378033
1982	-3.0676827755438878	-0.17612024423567332	-8.6211411830123347E-002	-8.1754120995708529E-002
1983	-1.4520673924387215	-0.39031538806847077	-1.3492194669848567	-0.27592476605657201
1984	1.1530079437201592	-0.74642281262664023	0.56432417972622040	9.0840006964695796E-002
1985	-2.2143122792581926	-0.47746472109925725	0.17405833884781163	-7.2356385817602589E-003
1986	-0.54514847524081045	0.36409362093711894	0.60883480399066658	7.4047637069856120E-002
1987	-4.6932527189721682	-0.34246182443441286	0.13987839568961072	0.61536647441443659
1988	3.1777352703661665	1.3639443421623256	-0.10064214734829213	0.41176394395286831
1989	0.36800284267166739	0.25356825246382531	0.41118521314628881	-0.59656949108389312
1990	-1.9865668969114221	1.3176703516955992	-0.46321253806765544	-0.66402679846241219
1991	-3.2122278597535416	-0.20272784292168056	0.85539142373380384	0.16674589358062780
1992	-4.3387880450857086	0.24388472132730057	-0.30027391522424762	0.12270479217765988
1993	-4.8701584534880125	-0.24969231170017414	-0.17146750855412723	0.45568176010702355
1994	-2.4174562822412655	0.78907965189019125	-1.1558342902531937	-0.16398580613823913
1995	-0.98387835528192502	-0.49548056129439039	1.6539250926651068	0.52652951912978840
1996	-2.1142491076811272	-1.2592219902639263	2.2431811416093548	-0.50107095904963928
1997	-5.4531277408882461	-0.93836068419387519	-3.0540204639588151E-002	-0.55287122105302700
1998	2.6693351752342735	-2.6322564876303183	-0.86269086470981493	0.49903248538532080
1999	2.7392609887760608	-2.3066930233164804	-1.3658929785518152	7.3901553732297370E-002
2000	1.9630201994376146	-2.5833399130051857	-1.1579654708192120	0.29242346358906035
2001	1.6679889930925882	-0.14620613229810986	0.57336363864068085	-1.3498106218347109E-002
2002	-8.5236964609020471E-002	0.28811963921345407	-0.39170875329722393	-0.32434789091735594
2003	1.2434448818622104	3.7481205044808730E-002	-4.2473229016940228E-003	-0.90647087724525921
2004	1.3474891904415642	0.11326973887892680	0.26758052091930273	0.12519048175076264
2005	2.2123617891464336	-0.12854095279316524	1.4022687516930086	2.0981349260645911E-002
2006	0.42486628671382670	0.69363683614492155	-1.4572942017333042	0.10970006065212380
2007	1.5130465437330700	-0.10348744989040370	1.4644383447287874	0.55968438684603838
2008	5.4593847084296687	0.26897218783833188	1.1466783101390778	0.10339322790957430
2009	-3.6372836482938369	-0.61485518130314409	8.4548390628905498E-002	-1.0588875382170824
2010	5.3367052637948422	0.83501243471943465	1.0651484220584766	7.8969049601921387E-002
2011	3.7022493160119399	-2.6527539329961809	-0.70376585126232971	-7.6870337652402157E-002
2012	1.9102015781206476	0.20173897972986121	-2.0585140057186631	-0.34398748654078753
2013	3.0223218020206506	-0.61179314425176368	-0.97528473375361835	-0.29155434436792588
2014	0.89713114493188173	0.23085159100481623	-7.7003442811849065E-003	0.24600163902074418
2015	-4.3892794422500350	-1.3789151485157853	-0.97427158031745620	0.90062767399389065
