xmlns:cpt=http://iri.columbia.edu/CPT/v10/
cpt:nfields=1
cpt:field=X_scores, cpt:nrow=58, cpt:ncol=4, cpt:row=T, cpt:col=index 
	1	2	3	4
1958	-0.23130636869197829	6.8047478749586193E-002	0.55371988150937212	7.8699863435160115E-003
1959	-3.4799755988857952	0.71028245384084476	0.55548285766488581	-0.28011394672756357
1960	1.2345262654413001	1.1610689058546722	1.2522063811247399	-0.42938373455609541
1961	0.94038663543038226	-0.51034269743438843	0.16386737435850959	0.73040026628557020
1962	1.6536105909742123	0.44057506566878313	0.58700220033446915	0.65837878357913215
1963	2.8784284497263792	1.2784027357088890	-1.7234420231178567	-0.33502549933529918
1964	-0.18034549371121203	-1.2760288692474120	-0.74359500361624442	0.21407868941858060
1965	3.2549845868642131	-1.6951303135399112	-2.8545261149501182	-0.99651358321748995
1966	-2.2109731394798988	-0.70570953975711515	-0.30838312083174940	0.28880744713517997
1967	-3.2484184111019228	0.42257592688279377	-0.69385660805905280	-0.30994246761539279
1968	-1.0639819909024348	-0.47008689339420595	-0.21392941949051100	-6.7529202152092557E-002
1969	7.4694083080926635E-002	0.94048383081463860	-0.27492158189144672	0.93555303463221107
1970	-2.8060589058039360	0.74595511885106791	-0.93697985317848342	1.0678989868618824
1971	-0.12927675507071174	-1.1313019320482898	-0.29589474275789029	1.5642073486847021
1972	-0.23980381898503317	-2.6210545336743092	-0.35846044200591209	-0.29861780262978321
1973	-2.5933749721266501	1.5377126966421593	0.55510291849969406	0.59985693308851429
1974	-2.3288278451217073	-0.94924258875176726	0.75575189315891023	-1.0073728093590748
1975	-1.1171080710576364	-0.59549754390805598	-0.32793494358415426	0.90149505150510367
1976	0.23546309586661687	-1.9403347066240151	0.38116470407505482	-0.85439451082303841
1977	-1.6394884327244574	0.10839008545183866	-0.28249636832189551	0.14685209301013333
1978	-0.78987752806863387	-0.27169319691156663	1.3232450068803800	0.66045572787288653
1979	0.37738151456082092	-0.98475944928816095	-0.25456200635944076	0.31739217323667263
1980	1.4317427367596010	-0.86157000866219857	-0.40768571063265086	0.30353809063518489
1981	0.41862713154474507	-0.28822302971965136	0.79379339287110895	-5.1880327199491809E-002
1982	-0.29573132037876487	-0.95246859556659336	0.32961204504264369	-0.13583473839796142
1983	2.6253147126165355	-1.5811250728188846	-0.66361336645280777	0.35347750660271160
1984	-1.1982337418911377	-0.11771688751924933	-3.3335485138625276E-002	-0.10873412002494187
1985	-4.5909044818178515	-0.67218685670956912	-0.53317221163368367	-4.4391137610355222E-002
1986	1.0856353918939441	-1.9339181356840891	-0.22763772138023572	-0.51672937502815508
1987	0.45992577487193481	-0.55630499727850291	1.8864023221346855E-002	0.41803836439299613
1988	-0.88408148067978076	0.46395365181734255	-0.49501036531278725	1.0604140439154777
1989	0.31601473654983270	-0.44987869899745686	-0.72055897646688150	-0.17178657760259036
1990	-4.2234216809612999	1.5219096681765083	1.0551570209566343	0.20500195290364184
1991	-1.6980592389013893	-0.29220169731160955	2.1963066370830573	-1.4105630464270269
1992	-3.8680293751174157	-2.0909032263941514	4.4819270513646557E-002	-0.81672844959917934
1993	-1.1822200713759055	-1.1330627666539250	-0.11564109915879556	-0.51827638419889088
1994	-5.6639081476542072	-0.41922891562477349	-1.1188703884760378	-0.21838662179321183
1995	-0.85265005536847160	-0.30792795675012941	0.80134904323140077	0.33985269784483696
1996	1.1530447837527584	-0.91886010074783198	0.27888319751906260	3.0166045551454287E-002
1997	-1.0244971782386514	1.8130140720913939	2.2500333575935803	-0.78626570748522429
1998	2.9756559110380407	2.2127293946437439	4.1029352892058946E-002	-1.6788827497027428
1999	-1.0670169173847666	2.0945825353259675	-1.0220248370688474	-1.3290728749806631
2000	1.7872222102460493	1.3049605909912738	-1.5310839061950814	-0.73713207218851773
2001	0.29121820284974226	0.79759665234766663	-0.96245345292058204	-1.9998174604960612
2002	2.5038374942300208	-0.49917487213095418	0.63911785113553943	-0.14234462117685556
2003	3.6049607957278340	0.50743963406012915	-0.40598666109041898	0.99260343000015883
2004	0.74336180067147961	-0.35045071546966550	0.87002365536267146	0.10889246007654782
2005	0.23257468799188566	2.5223533311809352E-002	1.3366079662398647	0.78034277619652703
2006	-0.77938431661970342	2.6695213713626069	-2.3189915714319116	0.65818350531639547
2007	2.4663555335469551	0.38106927026851428	1.0283933208318838	1.6448773199901976
2008	2.1848634830989813	-0.80919733098628666	0.74653967653757625	-0.34483461185327574
2009	2.3144540757167094	0.65408879380781726	0.77798480246676427	0.76741021157044909
2010	5.1439799463709042	0.67851042453384725	2.1786357472819886	-0.26950226851861142
2011	6.7663448768068948	-0.57375481340318613	-0.15695100811617160	-0.61522435027241007
2012	0.97016980540087305	2.4748795632827965	-1.8771007024701751	0.38407790640503658
2013	0.17124372277376321	-0.33396394301088606	-0.80244543461329831	0.95467279516143522
2014	-1.0138447745561017	1.4069247315342468	0.13779535634197912	-0.68568845642899245
2015	0.10477707627413189	1.8734026999982749	1.0090561919957124	6.6173879183306555E-002
