xmlns:cpt=http://iri.columbia.edu/CPT/v10/
cpt:nfields=1
cpt:field=X_loadings, cpt:nrow=9, cpt:ncol=4, cpt:row=station, cpt:col=mode 
Station	Latitude	Longitude	1	2	3	4
prec_1	34.882520000000000	-101.25000000000000	-0.35839520459257890	0.33843904954699816	-1.8402853443163357E-002	1.5114578938024776E-002
prec_2	34.882520000000000	-98.437500000000000	-0.26549387899947136	0.46713329534392145	-2.5710598205082046E-002	-0.59716072604431258
prec_3	32.091940000000001	-101.25000000000000	-0.35277398004356514	0.30702794866185490	-4.8203118349638724E-002	0.61762263857494848
prec_4	32.091940000000001	-98.437500000000000	-0.33832449959485322	0.37972223181488096	-6.1841440409749794E-002	-1.3822157359150627E-002
st_1	34.882520000000000	-101.25000000000000	0.35677111043644022	0.34476586402333209	6.0787696631696558E-002	0.23003051371674188
st_2	34.882520000000000	-98.437500000000000	0.34298014742951594	0.35421488263308454	0.13815776320611980	0.34872160642352895
st_3	32.091940000000001	-101.25000000000000	0.37388728855986680	0.29028006609427515	7.0834367624303105E-002	-0.27034731768609388
st_4	32.091940000000001	-98.437500000000000	0.37127692561419645	0.30758410908633826	0.12643500185320736	-0.11702852638019419
01.0	32.932977780000002	-99.215388899999994	-0.19898156372882975	-7.4754093668604929E-002	0.97420037303844442	-1.4754554050622015E-002
