xmlns:cpt=http://iri.columbia.edu/CPT/v10/
cpt:nfields=1
cpt:field=Predictor_scores, cpt:nrow=28, cpt:ncol=4, cpt:row=T, cpt:col=index 
	1	2	3	4
1983	-0.48732405625981329	-1.6963130665135084	-0.92664668123926919	0.15467011354001575
1984	-4.9956086661666541	1.1880511539059408	-1.3926715531354104	-2.8367204440514362
1985	1.8532255428256985	-0.21475691187530649	0.62959199827199086	-0.21348640884938669
1986	-4.1832736766866914	-0.18690827004560226	1.0146391100601517	0.98353713903254114
1987	-2.6888975249681359	-0.86401801527302247	-0.20259422232452567	0.93443876615413723
1988	8.8076357655513637E-002	-0.19937202205924176	-0.45346854448233026	0.66652377082130787
1989	-1.1734946845030862	0.71152440276541107	-0.21982413982395657	0.28732257040800069
1990	3.3050718818072511	-1.2227138586607287	-1.1849363110281217	-0.47646302623417841
1991	0.53171426756243312	2.9709729555568609E-002	2.0611073858139379	-0.24603913012904577
1992	-2.6973602694724383	-3.5696978736694600	3.3740129715804035E-002	1.0389150534383718E-002
1993	-2.6106416297365418	-0.94027271989491334	-0.32741936135213762	6.8636700110293214E-002
1994	-2.6819900881568173	-5.4085318818835569E-002	2.4999562028354143	-1.1062452966499201
1995	2.6801187806590208	0.52063452050386816	4.3340243811333258E-002	-0.16552641338403867
1996	3.0919407567316179	-0.37120043977146921	0.34810557743997805	-1.2231592393808941
1997	0.75387721465803537	-0.73619317146424235	8.7134888536538863E-002	5.9484018764468016E-002
1998	1.4424687322122662	-0.38070760147549570	-1.5486272751775065	0.45551686761686705
1999	0.88432851473421115	0.23226064698456547	0.89455185637889156	-0.97986943793494286
2000	0.76606651318177332	0.28970658411963629	0.92923265891638307	0.19319670156192648
2001	-1.5220255051487572	1.3311024664025379	-1.2271362971465543	-0.66005975630507585
2002	-0.37514956435061086	0.28611159414970472	-0.37914332231244008	1.5339711938717158
2003	2.3017613718841412	-9.2356955444631447E-002	-0.76038600528359113	4.9238815976440968E-002
2004	1.4159492455483875	0.51213030179961649	0.62149588241003118	0.43132698637396999
2005	0.40210527684697156	0.33615037822040106	-0.84536930280123368	0.17479334278920358
2006	1.9219371075626295	0.82530173193745404	-0.54979892639918915	-1.1391899095044220
2007	2.9967530840104000	-0.12812231623492690	-4.9786482443964775E-002	0.58433801690280107
2008	-0.98308399656140322	2.9880622750171701	-0.15910590022368071	1.3727458557256076
2009	-2.5191262362932041	0.95763170705008982	-0.14964665939183752	1.1475957027153538
2010	2.4825812504230345	0.44834104878896242	1.2136650503746884	-6.0966650475398620E-002
