xmlns:cpt=http://iri.columbia.edu/CPT/v10/
cpt:nfields=1
cpt:field=Predictor_scores, cpt:nrow=58, cpt:ncol=4, cpt:row=T, cpt:col=index 
	1	2	3	4
1958	0.39817356236666379	-3.3503620006679273E-002	0.30897422298790467	0.51230795270349327
1959	0.66857744142316677	-7.6999993733448180E-002	0.83816723352686584	-0.22980563476078125
1960	0.91558494982947680	0.73617999989006788	-0.37111417380310291	1.2636442221882893
1961	2.7734772071324096	0.27762009180185537	1.1776300420940622	-0.65471467232996172
1962	1.6638001897208221	0.27629089323633121	1.4957871778812191	0.60235737337823492
1963	-0.86255607781909638	1.2334074093614293	0.70002426752107372	-0.14699540765665126
1964	0.19245574474925234	2.3014008659562784	-0.39624617626913050	-0.45744229671520048
1965	-1.1794710322269870	-0.22176165146000440	-0.44135821894949767	-0.79937458560768515
1966	-2.4190765445023952	1.4884590011964196	-0.77756114529441267	-7.4946619403987697E-002
1967	1.0171390142467871	-9.7708712210325926E-002	0.11677336166845287	0.35701799577977522
1968	1.1928494326614287	0.35120758305336625	-0.14726919140667544	-0.32677979245440775
1969	1.6816722644831159	-1.3437358941053319	0.34769756863121914	0.96527277298963488
1970	1.3040526018589500	-1.1689685134343015	0.18722400482507748	-0.26857115107630281
1971	-2.2108017205576114	1.7172996776072564	4.3131925373083968E-002	9.0935328244740474E-002
1972	-0.54204890722818933	-0.94670505701555008	-0.73120554745217048	-0.43190901573078505
1973	1.4288533825334392E-002	0.47621713241979241	0.11245941647060675	-4.1055699166725010E-002
1974	-2.2029465226703193	1.8030208995370922	-2.9930151925839126	0.12875508786912671
1975	0.23722165148064731	2.6620178804583770	-0.16525149020256624	0.22263241932285452
1976	1.1018117568562602	-1.6570139620859470	-0.73825242364128396	-0.59698649303521112
1977	-2.2595620640942040	-0.10591697554603274	-0.56449159721515363	-0.36847892337137278
1978	2.3074286731131326	0.61021412481575288	-2.9994238194519959E-002	-0.25911029679852016
1979	-1.2368669669332322	1.9853850368930597	0.43762855365364106	0.22520287572357245
1980	0.89371643375415344	-6.4861163640193245E-002	-7.8820600733209151E-002	-1.6306683018915458E-002
1981	1.3863909458178802	-0.23383115702406157	0.97778467521804513	1.0873201211380632
1982	-0.33478420844266338	3.9777171057186103E-002	1.1347116630962923	-0.39307355064342242
1983	-1.8007216119088003	-1.6651480206896698	-0.18323015126528616	-0.93769936631209383
1984	-3.3677930666880402	1.5973497997128101	-2.0895383296601113	0.63277891750479087
1985	-1.0473076267921548	1.1131803500820650	0.54898790143019283	0.18501951588579010
1986	-2.3352746588266275	0.81655041737621969	0.20889536001671066	-1.2682638788245602
1987	-4.2736606698142152	-0.95433807764340595	0.58500372104250908	-1.2608942683321442
1988	1.6325038204320816	-0.21256319100176288	-0.13320711838301752	-0.88633786418075988
1989	1.9318076990546709	1.3616764600462172	0.61153797557925449	-0.91781045279236906
1990	0.60512311752321013	-0.64504190756506607	0.57377659044805995	-2.7056872303227869E-004
1991	-0.14772040766006825	-0.34435255834134415	1.3154443082729008	0.80147964184195442
1992	-8.9620300783537896	-2.8933568436103694	0.84326309268379607	-0.24865888853378171
1993	-5.0205464692031390	-2.1265325216900801	0.28048554222345196	1.4973117952116393
1994	-4.8124919931907346	1.7840994758931190	-0.55561499369136280	2.9185538793467122E-002
1995	1.4974222327246305	-0.14582443476111601	0.43686864233727024	0.29458720470783001
1996	2.1854135597807147	1.1165367014609071	6.0326827043033299E-002	-0.36252025049673497
1997	1.1915384936643236	-0.37708830728852555	0.94886165573321879	-0.30473147868162476
1998	-0.70495384332438549	-0.75528027300460054	-0.82707742324317524	1.2942593140893155
1999	-0.39616367206492875	1.9575473845646933	0.37035252610695429	1.1260588219303005
2000	1.2718043182326346	1.1597456595393629	6.8516097860954625E-002	-2.0939427210300149E-002
2001	-1.2340843668657364	-1.2444212136857145	-0.66934947675891587	5.2964546113376809E-003
2002	-5.7266123817940523E-002	-1.1247849168494772	5.1556157429736099E-002	-0.13675170997474637
2003	1.1144247089303010	0.92968226087172057	0.83961746026032824	-2.4897712776125555E-002
2004	-1.0953489503846572	-1.0285516028910739	0.20570608890130895	0.12524682170376103
2005	1.7932830998330498	-1.6852510736280550	0.22582842128201946	0.38277563137952797
2006	3.5032252784449072	4.9653360482395964E-002	-0.65818800837519531	-0.90042101250733420
2007	0.50252176119070902	-0.44381722514857475	0.97034213508057354	0.90063657834048827
2008	1.9085018139518888	1.1164603843772225	0.58611820665196412	0.21596953343735678
2009	1.2709428085138044	-0.55465266497951937	0.41445038265685180	-0.97534513266979561
2010	2.7653964071390345	-0.56376598778665798	0.38465933467419722	0.40669267149669192
2011	2.8865796329253275	-0.17603216025141039	-2.5373673061645357	0.68273863716630001
2012	2.7152007157636744	-2.1783778760199710	-4.1048955229794579	-0.11244461628567959
2013	1.9000068522217406	-2.5962750864684541	0.20604688968144899	1.1669597585287985
2014	2.3442568863737963	-1.8432560466057155	-0.15528594877054969	-1.3895043387161219
2015	-2.2651160266486863	0.54873866848074271	0.73369484469313540	-0.38940119717883626
