xmlns:cpt=http://iri.columbia.edu/CPT/v10/
cpt:nfields=3
cpt:field=undefined_relodds_B, cpt:nrow=58, cpt:ncol=1, cpt:row=T, cpt:col=station, cpt:missing=-999.00000000000000               
	07.0
cpt:Y	32.932977780000002
cpt:X	-99.215388899999994
1958	0.66561093552621142
1959	0.75819315660861120
1960	5.0836589829481422
1961	0.27342409668822432
1962	0.29906683241486781
1963	1.2334250143041470
1964	11.636009688165609
1965	2.5483600616611004
1966	3.3047958038490708
1967	2.0914502534893931
1968	2.3193135927931130
1969	1.0350048588307492
1970	1.1578574964956203
1971	0.46860599709973733
1972	3.2030911886934739
1973	1.6386153748197791
1974	4558.8996954967179
1975	1.8856876591582266
1976	9.2264793405158407
1977	2.3916535266295615
1978	4.2464329042449016
1979	0.66581947087017435
1980	2.0375810499217026
1981	0.36943043690326632
1982	0.11686800441332548
1983	0.83446953435005178
1984	105.45237301369859
1985	1.2327315226294098
1986	1.7204168655464116
1987	0.25895250043800866
1988	1.7550093357422551
1989	1.2718275717125067
1990	0.96854788821012494
1991	0.32795820471874154
1992	0.14835860621230679
1993	0.24908994283599623
1994	3.5908587624873443
1995	0.68443321198173912
1996	2.7352636411034519
1997	0.67104960119564139
1998	8.6837111027237235
1999	0.70076027072750935
2000	1.1826722118142237
2001	10.646686521960529
2002	2.7315959793558924
2003	0.38637553258459045
2004	1.0489924994369177
2005	2.4010576251822373
2006	22.458956403998588
2007	0.14295474372233258
2008	1.7602176457285788
2009	0.58372873970914996
2010	1.2489661442446292
2011	1908.9324311077785
2012	28450.072688296066
2013	2.7068868846182861
2014	1.6049945103753158
2015	0.24789423800155774
cpt:field=undefined_relodds_N, cpt:nrow=58, cpt:ncol=1, cpt:row=T, cpt:col=station, cpt:missing=-999.00000000000000               
	07.0
cpt:Y	32.932977780000002
cpt:X	-99.215388899999994
1958	0.85279933923680840
1959	0.88730988603466310
1960	0.49277829302293269
1961	0.58794396116161018
1962	0.61728294252676830
1963	0.89138808286328941
1964	0.25341041218934834
1965	0.74444008924399274
1966	0.63411086159331187
1967	0.80869206037086927
1968	0.77754466655954069
1969	0.91444798742730093
1970	0.90885597649854510
1971	0.76628409430217703
1972	0.64146890929516254
1973	0.86880433877578356
1974	7.9795067623240283E-004
1975	0.81886488260015744
1976	0.31042656157866694
1977	0.75941072102776808
1978	0.55378737467256800
1979	0.86870544360538016
1980	0.81633767106253385
1981	0.70828286790817085
1982	0.35870489275297768
1983	0.86112336083544838
1984	3.2827508900797969E-002
1985	0.89751166732594612
1986	0.77396956633792513
1987	0.56290204834729518
1988	0.85664394996763837
1989	0.90214708087311024
1990	0.91586135421548798
1991	0.62681213593329532
1992	0.39567113320236497
1993	0.52361168435970640
1994	0.60459150449190291
1995	0.87569750529320567
1996	0.71930380910264891
1997	0.84773428030718467
1998	0.32501683728627034
1999	0.87871367519397081
2000	0.89691319969904781
2001	0.27447955770674282
2002	0.71387678476225103
2003	0.71752787599013668
2004	0.91385876554734069
2005	0.75591986070317840
2006	0.14164246497800295
2007	0.39140670146615675
2008	0.82732415203230092
2009	0.83160071827247739
2010	0.89994933600645211
2011	1.8972025098347224E-003
2012	1.2749786574317297E-004
2013	0.72493066310820675
2014	0.86512892216801451
2015	0.57026854969358731
cpt:field=undefined_relodds_A, cpt:nrow=58, cpt:ncol=1, cpt:row=T, cpt:col=station, cpt:missing=-999.00000000000000               
	07.0
cpt:Y	32.932977780000002
cpt:X	-99.215388899999994
1958	1.6453964256698512
1959	1.4352378183991679
1960	0.18497472030398518
1961	3.7561333550111842
1962	3.4655172721750436
1963	0.89959480196242259
1964	7.0852302899607963E-002
1965	0.40519046286256660
1966	0.31558352801444728
1967	0.50281391115337370
1968	0.44827098005765542
1969	1.0544322445839860
1970	0.94505843805493273
1971	2.2841724201959712
1972	0.32975695710659020
1973	0.65538724047341912
1974	7.9390655731522558E-005
1975	0.57803339862259973
1976	9.1593512505733471E-002
1977	0.43962466157927865
1978	0.23048317519033618
1979	1.6193653453220700
1980	0.51726913296324251
1981	2.7911077891270035
1982	7.6485499456044916
1983	1.3592303815649676
1984	4.9405819938764589E-003
1985	0.89401797474383371
1986	0.69746310378325027
1987	3.9832137935146266
1988	0.60669223409130668
1989	0.85887494872927850
1990	1.1232126757339287
1991	3.2701075940543682
1992	6.5390681110992119
1993	4.2846345806583432
1994	0.28728670538956663
1995	1.5747458866088799
1996	0.37486067394545214
1997	1.6435317186997231
1998	9.9538474572921309E-002
1999	1.5416218423049450
2000	0.93596423819072294
2001	7.7849171362379246E-002
2002	0.37994229848414590
2003	2.6954316681945389
2004	1.0410362765610353
2005	0.43946090271665572
2006	3.1761162288511093E-002
2007	6.6812588041770109
2008	0.62904239781632365
2009	1.8490357381812870
2010	0.87872365515826767
2011	1.9783400254109481E-004
2012	1.3097644600812985E-005
2013	0.37776201093328449
2014	0.67678395832457217
2015	4.0213827926997352
