xmlns:cpt=http://iri.columbia.edu/CPT/v10/
cpt:nfields=3
cpt:field=undefined_prob_B, cpt:nrow=28, cpt:ncol=1, cpt:row=T, cpt:col=station, cpt:units=%, cpt:missing=-999.00000000000000               
	02.0
cpt:Y	32.932977780000002
cpt:X	-99.215388899999994
1983	4.7912990074286057
1984	24.125077019147824
1985	0.35741377877870661
1986	37.136332892816256
1987	8.4909055012190038E-002
1988	5.6102046375325472
1989	38.520731207099701
1990	29.610057163357709
1991	1.4262658340801266
1992	8.4609154491204208E-003
1993	3.3977209580952916
1994	6.5870682149142255
1995	13.189454217642833
1996	22.691152125466601
1997	16.630232201978259
1998	22.305204102543570
1999	72.091363716647933
2000	81.282747972190066
2001	54.135067793512363
2002	44.836078216767795
2003	53.422392911310467
2004	93.052793150654225
2005	6.3583366410973241
2006	59.653998032686587
2007	62.057556198889124
2008	18.605884952603546
2009	78.370720107547783
2010	2.5585674368341529
cpt:field=undefined_prob_N, cpt:nrow=28, cpt:ncol=1, cpt:row=T, cpt:col=station, cpt:units=%, cpt:missing=-999.00000000000000               
	02.0
cpt:Y	32.932977780000002
cpt:X	-99.215388899999994
1983	34.552420729208343
1984	55.019380129841288
1985	6.5955249979121362
1986	50.635098440836266
1987	2.3900238264511273
1988	39.009981943974744
1989	50.248141312668345
1990	54.304398935568294
1991	18.541892504334754
1992	0.23698558795106806
1993	30.850452955364446
1994	42.467791477753458
1995	52.672462093541434
1996	55.139697888781185
1997	54.622611935987976
1998	51.342738955532290
1999	25.542734297847449
2000	17.395249772181376
2001	40.293193099885364
2002	46.137518691593655
2003	38.839546342275440
2004	6.6439376565425512
2005	42.478391412722551
2006	35.340532971149578
2007	33.549064969503313
2008	52.839544310127124
2009	20.143942487703320
2010	24.987501804250655
cpt:field=undefined_prob_A, cpt:nrow=28, cpt:ncol=1, cpt:row=T, cpt:col=station, cpt:units=%, cpt:missing=-999.00000000000000               
	02.0
cpt:Y	32.932977780000002
cpt:X	-99.215388899999994
1983	60.656280263363051
1984	20.855542851010888
1985	93.047061223309157
1986	12.228568666347476
1987	97.525067118536683
1988	55.379813418492709
1989	11.231127480231953
1990	16.085543901073997
1991	80.031841661585119
1992	99.754553496599812
1993	65.751826086540262
1994	50.945140307332316
1995	34.138083688815733
1996	22.169149985752217
1997	28.747155862033768
1998	26.352056941924140
1999	2.3659019855046131
2000	1.3220022556285587
2001	5.5717391066022746
2002	9.0264030916385494
2003	7.7380607464140887
2004	0.30326919280321896
2005	51.163271946180124
2006	5.0054689961638363
2007	4.3933788316075635
2008	28.554570737269330
2009	1.4853374047488899
2010	72.453930758915192
