xmlns:cpt=http://iri.columbia.edu/CPT/v10/
cpt:nfields=1
cpt:field=eigenvalues, cpt:nrow=9, cpt:ncol=3, cpt:row=mode, cpt:col=index 
Mode	Eigenvalue	% variance	Cum. % variance
1	5.5905828454166038	62.117587171295554	62.117587171295554
2	1.4179364011818774	15.754848902020850	77.872436073316408
3	0.96850666164071697	10.761185129341293	88.633621202657693
4	0.55325308421905217	6.1472564913227989	94.780877693980500
5	0.27009917102896974	3.0011019003218844	97.781979594302385
6	9.2642173791033691E-002	1.0293574865670405	98.811337080869436
7	5.7325028930266309E-002	0.63694476589184745	99.448281846761290
8	4.2264291735299456E-002	0.46960324150332700	99.917885088264626
9	7.3903420561832536E-003	8.2114911735369431E-002	100.00000000000000
