xmlns:cpt=http://iri.columbia.edu/CPT/v10/
cpt:nfields=3
cpt:field=undefined_prob_B, cpt:nrow=28, cpt:ncol=1, cpt:row=T, cpt:col=station, cpt:units=%, cpt:missing=-999.00000000000000               
	08.0
cpt:Y	32.932977780000002
cpt:X	-99.215388899999994
1983	47.623230512154450
1984	76.370431759617674
1985	51.440576332413698
1986	42.043929833313157
1987	43.583870723466553
1988	49.895836208582310
1989	56.428136576519968
1990	55.325713810900147
1991	47.026078575562821
1992	36.851588663561039
1993	49.600846153044984
1994	50.502030762984603
1995	57.431220593965719
1996	58.504706585075752
1997	49.018059152806536
1998	54.919567095473660
1999	57.901912841392672
2000	49.964528655778849
2001	68.963345287715299
2002	46.162697690742945
2003	56.095194338596286
2004	50.788236155990077
2005	57.880080924822821
2006	67.342393457235261
2007	49.191152816554570
2008	59.300543492492004
2009	51.283579628266345
2010	51.378291516488105
cpt:field=undefined_prob_N, cpt:nrow=28, cpt:ncol=1, cpt:row=T, cpt:col=station, cpt:units=%, cpt:missing=-999.00000000000000               
	08.0
cpt:Y	32.932977780000002
cpt:X	-99.215388899999994
1983	8.0910151848266807
1984	4.7738337767218120
1985	8.2884545919001269
1986	7.7669125150932246
1987	8.1055659670388067
1988	8.3826123736071168
1989	8.1132417748149805
1990	7.6578944681555683
1991	7.9242008825218804
1992	6.9988151860162873
1993	8.2083865585002940
1994	7.3599937443787482
1995	7.9471730947131292
1996	7.6067444251494649
1997	8.4356609420354687
1998	7.8757050609666237
1999	7.8432035783537586
2000	8.3322932223549344
2001	6.6387630251943008
2002	8.1161448546282244
2003	8.0241183605459767
2004	8.2997519321969193
2005	8.0091211975312504
2006	6.9066854397169237
2007	8.2122779065635712
2008	6.9912373199351308
2009	7.9836158775482318
2010	8.0622263512640444
cpt:field=undefined_prob_A, cpt:nrow=28, cpt:ncol=1, cpt:row=T, cpt:col=station, cpt:units=%, cpt:missing=-999.00000000000000               
	08.0
cpt:Y	32.932977780000002
cpt:X	-99.215388899999994
1983	44.285754303018869
1984	18.855734463660507
1985	40.270969075686175
1986	50.189157651593618
1987	48.310563309494640
1988	41.721551417810574
1989	35.458621648665051
1990	37.016391720944284
1991	45.049720541915299
1992	56.149596150422674
1993	42.190767288454722
1994	42.137975492636649
1995	34.621606311321152
1996	33.888548989774783
1997	42.546279905157995
1998	37.204727843559716
1999	34.254883580253569
2000	41.703178121866216
2001	24.397891687090400
2002	45.721157454628830
2003	35.880687300857737
2004	40.912011911813003
2005	34.110797877645929
2006	25.750921103047808
2007	42.596569276881858
2008	33.708219187572865
2009	40.732804494185423
2010	40.559482132247851
