xmlns:cpt=http://iri.columbia.edu/CPT/v10/
cpt:nfields=1
cpt:field=eigenvalues, cpt:nrow=9, cpt:ncol=3, cpt:row=mode, cpt:col=index 
Mode	Eigenvalue	% variance	Cum. % variance
1	7.1953535275657785	79.948372528508628	79.948372528508628
2	0.95703359352657169	10.633706594739683	90.582079123248306
3	0.61269159788899596	6.8076844209888430	97.389763544237169
4	0.13039615583451908	1.4488461759391007	98.838609720176265
5	6.2442373601953198E-002	0.69380415113281313	99.532413871309089
6	2.0904442743573774E-002	0.23227158603970857	99.764685457348790
7	1.1856787746721463E-002	0.13174208607468288	99.896427543423471
8	8.2785868330723846E-003	9.1984298145248694E-002	99.988411841568706
9	1.0429342588162741E-003	1.1588158431291932E-002	100.00000000000000
