xmlns:cpt=http://iri.columbia.edu/CPT/v10/
cpt:nfields=1
cpt:field=X_scores, cpt:nrow=28, cpt:ncol=4, cpt:row=T, cpt:col=index 
	1	2	3	4
1983	-1.7047033454659966	0.37269059436833019	-1.4344221964503566E-002	-0.11537315408941089
1984	0.37416523220182946	0.27325315170208042	1.2137960943965431	-0.40676671659528335
1985	-0.24316195000486651	1.9241413597694714	-1.2852521067975593	-0.35612012824328393
1986	-1.0872091501216059	0.78184810694920681	1.1404586042443350	0.31358253535100056
1987	-2.0328054454858080	0.10677182758897623	-0.39864472262381190	-0.87560292207851897
1988	4.4604330257652673	0.96183005366984287	0.14891697237793003	-0.22979082158262462
1989	2.1410557133822032	-1.3844316619176635	0.22905904684824602	0.63257515148997046
1990	-0.84190702460370348	1.9713368080884086	-0.90672239577969915	-0.23072953347370825
1991	0.62280391130808321	1.0436312879306928	0.56410407992551259	-0.57153564730794337
1992	-4.9953560634676331	-0.76975218966832526	0.45090266719447769	0.45504445554914491
1993	-2.1358897652971502	1.6321705363040890	-1.0292363163402205	0.87972473028239495
1994	-1.9606218676982505	4.8529769547795414E-002	4.4957088391748438E-002	0.14478831387290703
1995	-1.8343426337178914	-1.8025536193026592	1.2641758820894669	-0.48169074476629486
1996	0.47680489818316169	0.56633368781474691	0.36527272392501026	-0.22433520351179514
1997	-4.5668254793118841	-0.70627041792657885	-0.60276644914215316	0.10276668935320461
1998	5.1138595563516995	0.16817382505234058	-8.9680255279194293E-002	0.32420380493172984
1999	5.2696682331368763	-2.0215885333501538	-0.27474485214376987	-8.5425844891838562E-002
2000	0.87234723370782619	-0.20940358773638923	1.4815799967182248	-0.27334833512819667
2001	1.6693518798880029	1.0452164840983054	-0.11285722067826331	0.65587930845057263
2002	-1.4689921909662766	-0.12738276249589398	0.11187897762639680	2.6101305002660509E-002
2003	6.1309750887733210E-002	-1.5995726598736923	-1.1793460780191529	0.28509228650089313
2004	-1.9432400377004966	1.1980386699109260	1.2087103386531564	0.12070962426321473
2005	-1.3373447825416383E-002	0.78169121191202440	-1.1267387189881881	-0.60046303565766834
2006	-0.70162863626598648	-3.4289789187178923	-1.0833760026032562	-0.45755529331229705
2007	0.24227697838566672	0.10394881278047477	0.30950493673996010	0.23478921122011831
2008	1.1311976019571421	-0.21875154869516575	-0.51033012247049903	-0.29731577677569976
2009	-0.77160155399226338	-1.2357416349172776	6.3355922570613635E-002	0.74449593809833203
2010	3.8663845767702893	0.52482134711354467	1.7366131128962643E-002	0.28629980304869046
