xmlns:cpt=http://iri.columbia.edu/CPT/v10/
cpt:nfields=1
cpt:field=Predictor_scores, cpt:nrow=28, cpt:ncol=4, cpt:row=T, cpt:col=index 
	1	2	3	4
1983	3.0530110593271447	9.0915131147745812E-002	6.7239900989409851E-002	-0.15733796283722312
1984	1.8411250218507336	1.5647047638753422	0.93108126584588891	0.32578045962090568
1985	1.0075720885216382	-1.5064207180709670	1.0576221252568023	-0.53207758657413229
1986	-3.7460427118941553	1.0777771935217084	0.59999134802607657	1.5027660823146494E-002
1987	-1.9274986339849107	4.6107530452639219E-002	-0.86372074537868182	0.61467951397876597
1988	2.5621608173702271	0.45270558897885188	0.50221266729806957	0.79548743477015449
1989	-0.73774777172399642	-0.83012025075958218	-0.14184133454238390	-0.59826428081566174
1990	-0.86024284464569201	0.34374166829469754	9.6049093120166518E-002	-0.30994142554775794
1991	-5.9793899268187785	2.4078103177877503	0.66036868415229821	-0.43025308870409318
1992	-1.7226780833534261	-2.3075115020234289	1.9529245837305702	-0.20892082725360403
1993	-1.3838978892985350	0.73709183135247935	8.0812576426390836E-002	-4.2961177861384425E-002
1994	-3.2666581612110694	-0.94572922845012619	-0.62854943145791831	0.26645749222610715
1995	-4.6459866042690881E-002	-0.60398375143642569	-0.22396183301133726	8.0206649847568506E-002
1996	-1.2187923971798189	0.70225966110074400	0.56611962059887344	0.19109427583218008
1997	-4.9356587877612643	-1.4853382090482938	-0.44363097168181831	0.37351389113944972
1998	4.0782148416053356	0.21331145462072162	0.15813310965540278	-0.26030678161948018
1999	4.1379764959056988	0.47880573587428860	-1.0993745258799823	-0.34719675796538707
2000	1.0785527427232178	0.67225222409735319	0.93633636854083580	0.22109315733418611
2001	-7.7713066704886077E-002	-1.6290715866563832	0.25263884875638642	0.62206998792482660
2002	-1.4983981481740893	-0.61457647363163281	-1.0121503450718330	-5.6081255692884552E-002
2003	1.5262903108686052	-0.73517872463791156	-0.36962100064335068	0.13474854576391643
2004	0.40709122512987422	0.99459639236699671	-0.36182267890784559	-0.12917388878020675
2005	-0.31965263486994122	6.4395235606401480E-003	-1.2853859989312100	-0.53749553752733770
2006	-0.20532712260830566	-0.54987996017921115	-0.83911664522617535	-0.57558466757278248
2007	1.7838647211107708	-6.3640137577289646E-003	0.17377914850102871	-1.5864573963904297E-002
2008	2.4618006132061838	-0.13248403553703469	-1.0967028688571450	0.47183244984163941
2009	-0.73529876024608465	1.4987076881262762	-0.45873641603208393	0.16571622900306077
2010	4.7237968688968150	5.9431749029050178E-002	0.78930545472439428	-7.6247935389795421E-002
