xmlns:cpt=http://iri.columbia.edu/CPT/v10/
cpt:nfields=1
cpt:field=eigenvalues, cpt:nrow=9, cpt:ncol=3, cpt:row=mode, cpt:col=index 
Mode	Eigenvalue	% variance	Cum. % variance
1	6.5796808296173781	73.107564773526548	73.107564773526548
2	1.1813562128011286	13.126180142234785	86.233744915761335
3	0.82297981743609372	9.1442201937343910	95.377965109495733
4	0.23125012322193081	2.5694458135770133	97.947410923072752
5	7.6821402546545070E-002	0.85357113940605778	98.800982062478795
6	5.5600574167517881E-002	0.61778415741686643	99.418766219895645
7	4.0190148022314409E-002	0.44655720024793866	99.865323420143611
8	1.0250641114649045E-002	0.11389601238498957	99.979219432528595
9	1.8702510724267986E-003	2.0780567471408908E-002	100.00000000000000
