xmlns:cpt=http://iri.columbia.edu/CPT/v10/
cpt:nfields=1
cpt:field=X_loadings, cpt:nrow=9, cpt:ncol=4, cpt:row=station, cpt:col=mode 
Station	Latitude	Longitude	1	2	3	4
prec_1	34.882520000000000	-101.25000000000000	-0.35194230582684571	0.33539338799758528	-0.12520632949090058	5.6130508808595173E-002
prec_2	34.882520000000000	-98.437500000000000	-0.34982830911397578	0.28429723324857648	-5.8531173133727486E-002	0.63160836627241568
prec_3	32.091940000000001	-101.25000000000000	-0.33868058147762720	0.28288104949270648	-0.31866277730703108	-0.47874097230428186
prec_4	32.091940000000001	-98.437500000000000	-0.35973736878199286	0.26737805161196615	-0.20592774624688917	0.12039309422578159
st_1	34.882520000000000	-101.25000000000000	0.34158059081401437	0.38755994398938509	-0.18392559483743823	-0.19819468231985390
st_2	34.882520000000000	-98.437500000000000	0.32490488802315265	0.43305821550613316	-0.21896942394871072	-0.24121913416947094
st_3	32.091940000000001	-101.25000000000000	0.37275392450356726	0.23509818678967720	-1.8989278419384907E-002	0.34990289392057489
st_4	32.091940000000001	-98.437500000000000	0.36951795504142182	0.26191956984411546	-2.9036894848024762E-002	0.31871848468473396
13.0	32.932977780000002	-99.215388899999994	-0.10914102404929987	0.43995283963996240	0.86831175708590513	-0.18097378675490022
