xmlns:cpt=http://iri.columbia.edu/CPT/v10/
cpt:nfields=2
cpt:field=undefined, cpt:climit=lower (95.%), cpt:nrow=58, cpt:ncol=1, cpt:row=T, cpt:col=station, cpt:units=none, cpt:missing=-999.00000000000000               
	12.0
cpt:Y	32.932977780000002
cpt:X	-99.215388899999994
1958	0.93125121951286127
1959	0.89140372439556748
1960	0.67011128283242716
1961	2.0319718783928011
1962	1.4250008399977174
1963	0.49027093214426909
1964	0.71134585037488351
1965	1.7559056778908677
1966	1.3064214063081234
1967	1.2021752543178290
1968	0.16624516605403539
1969	1.7520246760215592
1970	0.21596165142209633
1971	1.9616539544453593
1972	2.7521071820474385
1973	0.93150257535868386
1974	2.5465341246959161
1975	1.1502386665314428
1976	2.1229417891182050
1977	1.1606073732137352
1978	1.5630931995935340
1979	1.1453383096965686
1980	2.1223449469888145
1981	1.5683485965532804
1982	1.7363594429064650
1983	1.6498140148929337
1984	2.1097965128242593
1985	1.5111785742254336
1986	2.6182198199302520
1987	1.6364575292000070
1988	0.90253396229730098
1989	0.98224145589112366
1990	1.8511562740496807
1991	2.2995000302790065
1992	1.9669912149845690
1993	1.8104226998368920
1994	1.8577182997308670
1995	1.5339124995192170
1996	1.7568894676094340
1997	1.5831062788994412
1998	0.53365280224083289
1999	-0.15684043503312695
2000	1.8544100238870942
2001	1.5805231895879102
2002	1.7934543147002797
2003	0.30824124692724109
2004	2.7074103492933417
2005	1.0983682459093420
2006	-6.7607854305721915E-002
2007	1.5307613319190079
2008	0.94611217934597658
2009	1.3795687254191034
2010	0.86487329683709779
2011	-2.6984651845503325
2012	0.29575227083176747
2013	7.3790912003627529E-002
2014	1.4371131645434767
2015	2.1057528323255226
cpt:field=undefined, cpt:climit=upper (95.%), cpt:nrow=58, cpt:ncol=1, cpt:row=T, cpt:col=station, cpt:units=none, cpt:missing=-999.00000000000000               
	12.0
cpt:Y	32.932977780000002
cpt:X	-99.215388899999994
1958	5.1967917991999837
1959	5.1280260904259283
1960	4.8538370710354872
1961	6.2003336525128780
1962	5.6140482039644466
1963	4.7564032650926320
1964	4.9221366793077479
1965	5.9453336864859594
1966	5.5436902887525195
1967	5.3601460615372840
1968	4.4543247109847401
1969	5.9175243788597314
1970	4.4349847940352305
1971	6.1405100520950233
1972	7.0632370478365285
1973	5.1793769490016963
1974	6.8626191186074061
1975	5.5160429848779717
1976	6.3694162631773068
1977	5.3466743582001195
1978	5.7162255600636405
1979	5.4361044072181928
1980	6.3508113328032163
1981	5.7499600218555873
1982	5.9322176262562056
1983	5.8318001504921035
1984	6.3359935047683624
1985	5.6586692023732166
1986	6.8951807958617550
1987	5.8632971167341772
1988	5.2753959218601452
1989	5.1473484876751492
1990	6.0102530245185850
1991	6.5828324317061586
1992	6.2288744603213253
1993	6.0096228044766278
1994	6.0679266218289483
1995	5.7203207150476052
1996	6.0418913850711764
1997	6.0110147295451224
1998	4.9051440379789035
1999	4.1396516111256707
2000	6.0687561527671985
2001	5.7394549826164223
2002	5.9914788132709997
2003	4.5132019470637266
2004	7.0741346625086745
2005	5.2691788877710408
2006	4.2642314584069325
2007	5.8355882919541013
2008	5.1380747072030388
2009	5.6846547453634182
2010	5.1923697687403862
2011	2.0951442330823018
2012	4.5605518797095979
2013	4.3354559207250833
2014	5.5918523510206084
2015	6.2798740253570351
