xmlns:cpt=http://iri.columbia.edu/CPT/v10/
cpt:nfields=3
cpt:field=undefined_prob_B, cpt:nrow=28, cpt:ncol=1, cpt:row=T, cpt:col=station, cpt:units=%, cpt:missing=-999.00000000000000               
	13.0
cpt:Y	32.932977780000002
cpt:X	-99.215388899999994
1983	34.041924661339479
1984	13.088936585171538
1985	29.587278827609879
1986	0.42910442947430738
1987	1.6052922495352675
1988	33.413757313013775
1989	56.273806771916014
1990	29.974440812651281
1991	3.8358497412900761E-002
1992	8.6851731921571229
1993	16.579890183084416
1994	26.832200439743616
1995	36.210158907511904
1996	7.8534029077105600
1997	42.098631165816002
1998	66.307595219943352
1999	71.878520698601832
2000	42.275974536105267
2001	29.255442620551847
2002	27.571787340984415
2003	93.746309038375514
2004	6.0316164984200071
2005	40.072402410435856
2006	73.288630449577155
2007	13.963342393281707
2008	74.187273531108644
2009	52.973151191638138
2010	35.316791351982872
cpt:field=undefined_prob_N, cpt:nrow=28, cpt:ncol=1, cpt:row=T, cpt:col=station, cpt:units=%, cpt:missing=-999.00000000000000               
	13.0
cpt:Y	32.932977780000002
cpt:X	-99.215388899999994
1983	38.012317752236925
1984	29.800634111817196
1985	37.402275913331550
1986	2.8327686279583446
1987	8.8703637670474507
1988	37.036436080313749
1989	29.944732642706438
1990	38.696579752005093
1991	0.29760138991038332
1992	24.532413261537741
1993	33.254290413201701
1994	37.984256085753543
1995	38.359957112205720
1996	24.672703367678011
1997	33.655242580927528
1998	24.734662111527367
1999	21.724535358705840
2000	36.835506597699293
2001	38.336468473927596
2002	36.851309200371055
2003	5.3687339353174606
2004	21.004997991794340
2005	37.298590272124208
2006	20.998934938849477
2007	31.242050429257866
2008	20.146059020908069
2009	32.367791261500649
2010	36.607793834785255
cpt:field=undefined_prob_A, cpt:nrow=28, cpt:ncol=1, cpt:row=T, cpt:col=station, cpt:units=%, cpt:missing=-999.00000000000000               
	13.0
cpt:Y	32.932977780000002
cpt:X	-99.215388899999994
1983	27.945757586423596
1984	57.110429303011266
1985	33.010445259058571
1986	96.738126942567348
1987	89.524343983417282
1988	29.549806606672472
1989	13.781460585377548
1990	31.328979435343630
1991	99.664040112676716
1992	66.782413546305136
1993	50.165819403713883
1994	35.183543474502841
1995	25.429883980282376
1996	67.473893724611429
1997	24.246126253256470
1998	8.9577426685292743
1999	6.3969439426923280
2000	20.888518866195444
2001	32.408088905520557
2002	35.576903458644530
2003	0.88495702630702699
2004	72.963385509785653
2005	22.629007317439935
2006	5.7124346115733653
2007	54.794607177460428
2008	5.6666674479832873
2009	14.659057546861213
2010	28.075414813231873
