xmlns:cpt=http://iri.columbia.edu/CPT/v10/
cpt:nfields=1
cpt:field=eigenvalues, cpt:nrow=9, cpt:ncol=3, cpt:row=mode, cpt:col=index 
Mode	Eigenvalue	% variance	Cum. % variance
1	5.8820846262753363	65.356495847503780	65.356495847503780
2	1.6539279505753846	18.376977228615395	83.733473076119182
3	0.91104346486924459	10.122705165213834	93.856178241333012
4	0.25802511331477379	2.8669457034974881	96.723123944830505
5	0.15785190057064161	1.7539100063404633	98.477033951170952
6	6.3065739000357501E-002	0.70073043333730600	99.177764384508265
7	5.3769691147939794E-002	0.59744101275488692	99.775205397263150
8	1.6584085794850326E-002	0.18426761994278151	99.959473017205951
9	3.6474284514645206E-003	4.0526982794050252E-002	100.00000000000000
