xmlns:cpt=http://iri.columbia.edu/CPT/v10/
cpt:nfields=1
cpt:field=eigenvalues, cpt:nrow=9, cpt:ncol=3, cpt:row=mode, cpt:col=index 
Mode	Eigenvalue	% variance	Cum. % variance
1	5.9864779863360358	66.516422070400395	66.516422070400395
2	1.4301006239397920	15.890006932664356	82.406429003064744
3	0.87949499803988263	9.7721666448875837	92.178595647952349
4	0.41504059163645057	4.6115621292938958	96.790157777246236
5	0.18902996595428287	2.1003329550475875	98.890490732293827
6	4.5720734143617561E-002	0.50800815715130621	99.398498889445150
7	3.5454353976884255E-002	0.39393726640982507	99.792436155854986
8	1.6506428773438622E-002	0.18340476414931803	99.975840920004288
9	2.1743171996140517E-003	2.4159079995711687E-002	100.00000000000000
