xmlns:cpt=http://iri.columbia.edu/CPT/v10/
cpt:nfields=3
cpt:field=undefined_prob_B, cpt:nrow=58, cpt:ncol=1, cpt:row=T, cpt:col=station, cpt:units=%, cpt:missing=-999.00000000000000               
	11.0
cpt:Y	32.932977780000002
cpt:X	-99.215388899999994
1958	32.081401386491308
1959	14.712073210435236
1960	21.926659208523589
1961	30.572615496339665
1962	27.880582324224591
1963	86.184713667561496
1964	60.358613500669819
1965	17.105995038705444
1966	43.262029266035753
1967	40.017922636535005
1968	87.383748056543595
1969	28.943710203912502
1970	53.504245536628197
1971	17.647864279252474
1972	18.645466756174827
1973	34.518566167148492
1974	11.249551957157479
1975	43.819214121759167
1976	14.204616485177723
1977	55.234030858556494
1978	27.326126425322187
1979	69.461621922613389
1980	8.5683033913244060
1981	13.372703810072451
1982	32.324415394168881
1983	30.520860492134716
1984	26.586900160226634
1985	19.496294414056166
1986	6.8416752248886468
1987	31.962293963853412
1988	39.274677200827490
1989	47.538802820151616
1990	24.065412130755107
1991	17.807927679475441
1992	26.089690731552494
1993	16.038046905368404
1994	15.733758763957326
1995	34.719503153782114
1996	35.509951046462177
1997	38.888295745923386
1998	72.697852032441915
1999	99.586150195494469
2000	29.321341776610439
2001	29.214427102329168
2002	29.208340941064307
2003	76.160398586149952
2004	34.192473542455488
2005	42.703309134639412
2006	76.370780898545618
2007	33.562759602817010
2008	43.254177257540441
2009	28.482706528882630
2010	34.244452022031368
2011	89.083566785850024
2012	35.319965751472211
2013	97.636275783905290
2014	61.564437244561546
2015	19.338955838621914
cpt:field=undefined_prob_N, cpt:nrow=58, cpt:ncol=1, cpt:row=T, cpt:col=station, cpt:units=%, cpt:missing=-999.00000000000000               
	11.0
cpt:Y	32.932977780000002
cpt:X	-99.215388899999994
1958	30.754728355368783
1959	25.320684961008901
1960	29.089652795770739
1961	31.202858930122439
1962	30.304587254898593
1963	10.604672193523436
1964	25.153214073225559
1965	26.834517580040334
1966	30.522667188357225
1967	30.538605240497379
1968	9.7288089674454934
1969	30.959300863592723
1970	27.645079488264983
1971	27.251394510265875
1972	26.430230011042006
1973	30.277432031573035
1974	22.267601988591835
1975	29.811949694248987
1976	24.604561005545577
1977	27.312859459348196
1978	30.462876142313682
1979	20.284664083865039
1980	18.978595881643628
1981	24.312964991771409
1982	30.371416147645590
1983	30.829465829265501
1984	30.515394266330816
1985	28.211269835874781
1986	17.028119209315975
1987	30.844449919639203
1988	30.730929913893519
1989	29.619046623967773
1990	29.916133771243992
1991	26.790890686729412
1992	29.241897254078353
1993	25.496726602825944
1994	26.115619504060945
1995	31.053664568579762
1996	31.355361332740870
1997	30.488641392128628
1998	19.052579766259100
1999	0.36053356382253493
2000	30.544353795057575
2001	31.114342732529899
2002	30.706079602834542
2003	16.674733662234996
2004	31.061578680337298
2005	30.268090306375832
2006	16.850397373682959
2007	30.602394920673220
2008	30.016703921544412
2009	30.288818253319469
2010	29.623814568832415
2011	8.5442538868088729
2012	31.325011360413960
2013	1.9970075070697320
2014	24.115294379263560
2015	27.626163231524998
cpt:field=undefined_prob_A, cpt:nrow=58, cpt:ncol=1, cpt:row=T, cpt:col=station, cpt:units=%, cpt:missing=-999.00000000000000               
	11.0
cpt:Y	32.932977780000002
cpt:X	-99.215388899999994
1958	37.163870258139909
1959	59.967241828555863
1960	48.983687995705672
1961	38.224525573537896
1962	41.814830420876817
1963	3.2106141389150640
1964	14.488172426104622
1965	56.059487381254222
1966	26.215303545607021
1967	29.443472122967616
1968	2.8874429760109099
1969	40.096988932494774
1970	18.850674975106820
1971	55.100741210481651
1972	54.924303232783167
1973	35.204001801278473
1974	66.482846054250686
1975	26.368836183991846
1976	61.190822509276700
1977	17.453109682095310
1978	42.210997432364131
1979	10.253713993521574
1980	72.453100727031966
1981	62.314331198156140
1982	37.304168458185529
1983	38.649673678599783
1984	42.897705573442551
1985	52.292435750069053
1986	76.130205565795379
1987	37.193256116507385
1988	29.994392885278991
1989	22.842150555880611
1990	46.018454098000902
1991	55.401181633795147
1992	44.668412014369153
1993	58.465226491805652
1994	58.150621731981730
1995	34.226832277638124
1996	33.134687620796953
1997	30.623062861947986
1998	8.2495682012989899
1999	5.3316240682996945E-002
2000	40.134304428331987
2001	39.671230165140933
2002	40.085579456101151
2003	7.1648677516150521
2004	34.745947777207213
2005	27.028600558984756
2006	6.7788217277714242
2007	35.834845476509770
2008	26.729118820915147
2009	41.228475217797900
2010	36.131733409136217
2011	2.3721793273411076
2012	33.355022888113830
2013	0.36671670902498177
2014	14.320268376174894
2015	53.034880929853088
