xmlns:cpt=http://iri.columbia.edu/CPT/v10/
cpt:nfields=1
cpt:field=X_scores, cpt:nrow=58, cpt:ncol=4, cpt:row=T, cpt:col=index 
	1	2	3	4
1958	0.27779797273404255	-1.0669741532391559	-1.8656095788743798	-0.52252721364997501
1959	-0.60834030632594038	-1.6147602187589396	-0.50151046942545252	-5.5162459938013331E-002
1960	-1.0348685764640372E-002	-1.7921111548730106	-0.90791746265541884	-0.51235418902578223
1961	-0.21631751483940026	-1.6103537172117488	0.32385648039300963	-0.48695628010831560
1962	1.7442831327288950	0.20582145778147221	0.56579857522287458	0.31997606261446560
1963	-1.8995002096875298	-0.84855482411559591	-1.6235721158983329	6.9371640784558361E-002
1964	4.3649870373336208	-2.1459034454221504	-0.45640048936354499	0.68022333397515111
1965	-2.0130148414844626	-0.64260678526381210	-0.82363269013781581	0.17445280856193018
1966	1.4662273055943762	-0.25367197424336124	-0.27933132173442810	0.50847927158695105
1967	-0.92367074579557018	-0.89950795181543797	-0.45118259137157180	-0.30566916043159015
1968	-1.8880213853103003	0.58237887527695487	-0.77553634688543593	-0.17674395237608126
1969	-2.2505138613694577	-1.6110051119047419	0.37023813066087879	0.38542059589809918
1970	2.3145083715271197	-0.27230056699176070	-0.98816050029723579	-1.1071605510345450
1971	0.70022370305084425	-1.9379440754853645	1.2399111156836948	2.3119686622013118E-002
1972	-3.7039753315172197	-0.87618866999457978	-9.7550745933383337E-002	0.82565150548262611
1973	2.5420053837693017	-1.1182571323870913	5.7261905404348751E-002	-0.24206352242713056
1974	-0.50592786042231030	1.1183465725292889	1.0834675092355417	-1.1458348121355357
1975	2.3415027151846690	-2.7054609743522273	0.63599161859547471	7.2791760699362926E-002
1976	-0.82743233133539940	-2.2852410717532323	8.0547275324529474E-002	-1.0369517502841064
1977	1.3050521639266262	9.3923515435898733E-002	-0.23524071857516313	-6.6894524680948433E-002
1978	0.46527735336079962	-1.4078914757412093	0.23156197604903150	-0.10397926195686757
1979	1.3040622456731839	0.62673770842878884	-5.3727186203719177E-002	0.78502552157607874
1980	-0.22752725091090528	0.75565848714840478	1.9609282278088584	-1.5960055007088671E-002
1981	2.0542953069781724	8.6283452217412834E-002	0.53121275427135350	-0.69342837282730341
1982	-1.5149753102074694	0.48866066982238265	0.23066581747701911	-2.1479948711535080E-002
1983	1.6980859477244470	0.90033179578788980	0.25464407718636706	1.2010405098611854E-003
1984	1.3337273886299441	-0.81049365073653556	0.75592467305770594	-0.54914026638934244
1985	-1.4772074165086362	-0.97972235551123232	-0.40035065221685728	-0.42923890219177807
1986	-0.93233943039122003	0.44976100592935658	2.0412859987306984	-0.10117380756142384
1987	-3.2550121361389519	-1.2702515092599462	0.98163794419498185	-7.5125150684657263E-002
1988	4.8395202754150848	2.0298133487737133	0.93472407056806961	-2.6107358223294089E-002
1989	-1.0698118560511365	2.1184788941724668	-0.94804929848158337	-0.48383967627346203
1990	-4.2346264265131817	0.88040092278704363	-0.26758996309776423	-4.9871578914751663E-002
1991	-2.1883125324195651	0.13133389242053453	2.9467935978187154	-0.11879290398173277
1992	-2.4679752016719569	-1.1053147400376591	0.51724724662211130	0.21826584415032896
1993	-4.7394978272154171	5.4166337357035785E-002	-0.48037833164820321	0.68790514193313856
1994	-1.8500575302956139	9.4853545209099860E-002	7.9600350642282200E-002	1.1217429841523467
1995	2.4527551943877999	-0.87473220235070070	0.54614900869125671	0.33051463054834662
1996	1.2747296242738333	-0.25197613067896768	0.95621590233040743	0.27588712301494756
1997	-4.2252802776110654	2.0768861138746164	-0.26253995263919760	0.28146906881480760
1998	4.3104495092781185	1.0844137764577049	0.24556114335463103	0.85537273855777141
1999	5.5260736630531389	2.8742733250068118	-0.38879054003650226	-0.33192072975943587
2000	0.45120283200110106	0.18387025279753863	-0.11776159036062171	0.29289044892480487
2001	-0.11021026755787036	-5.5678368532762194E-002	6.4244860469186704E-002	0.53355086286376774
2002	1.4108050122663753	-0.15301237361138040	0.10016906511242615	-0.47542690239688090
2003	-1.0295341348829703	-0.30179031630974568	-2.2459461332698272	0.60526493538815918
2004	-1.6561728167892229	1.3216093756093126	0.82493119163445527	0.56939710809196997
2005	-2.6165808154159103	2.0171534653090815	-0.82145654610379748	0.17147814135789430
2006	0.96365476718331577	-0.40034613601247515	-1.2482394470728901	-5.1740373093288314E-002
2007	-1.0292858828596161	7.7285671976966466E-002	0.49375516658766577	0.58882936888757409
2008	2.5959631882744869	-1.5997906832337230E-002	-0.36229020098615389	8.3004979186275515E-002
2009	-2.5023800305898156	2.8360936752203325	-1.2158610106176171	-0.50318720404191553
2010	3.3919175124853158	1.6357687221643946	0.70476475521682291	4.0899384921587963E-002
2011	1.9473843013608563	1.1184201481618909	-0.82177217819421966	-0.26679354059756899
2012	0.66127200482684612	0.16382266889681280	-1.6471816678925220	-0.49472321320050450
2013	1.8962100889684526	0.25840122810409888	-0.29614311439706709	0.54294257460296536
2014	1.6842928732047677	1.5894210914003148	-0.42344832741151650	0.39986014735326680
2015	-5.3444166573162004	1.4536789973663491	1.2480807334372910	-0.99474104915672301
