xmlns:cpt=http://iri.columbia.edu/CPT/v10/
cpt:nfields=1
cpt:field=Predictor_scores, cpt:nrow=28, cpt:ncol=4, cpt:row=T, cpt:col=index 
	1	2	3	4
1983	0.51651169997064783	-0.24227013054761493	0.75945621781598271	-0.13715676652315531
1984	0.61472258910096667	0.19678464366611248	1.3529927324285931	-0.60885107981302822
1985	-0.41049421573556366	0.16451003340132225	-0.18019108900490860	0.32241067497031084
1986	-2.8462427893198803	1.7269189379162975	0.28521513487471195	0.41067136310995372
1987	-0.73997847301620800	1.1337084117155871	-0.96801674911737168	-0.50126631656824827
1988	5.4322690338197139	-0.18995598920363374	0.68731534453337051	0.19819898750574719
1989	-0.49286251845926587	-0.26073320350174123	-1.0032417893038339	-0.33406559917463269
1990	-0.71396568808940897	0.53579029632277453	6.3053247197672746E-002	0.10015081928998966
1991	-4.2656593623174279	0.35823022123483500	0.49449596476482066	0.54066391613598330
1992	-0.61783353255229023	1.7251690289514012	-0.60197560639659353	8.1627520935084547E-002
1993	-1.4962853587026406	0.93605661967952680	-0.55008070392647879	-6.7062769536070335E-002
1994	-2.4437287692234353	-0.31894970611212026	0.49212904243361244	0.37748894369739822
1995	1.9225382985875890	0.60385236563462152	8.6884291673077596E-002	-0.52263705491810497
1996	-0.51095969841129296	-0.91002597021840026	1.4493312156373561	0.24817127669697106
1997	-4.6123813533046354	-1.6961454862097713	0.62689387332442326	-0.77246985899687592
1998	4.5318298000513186	-1.3558115447780472	0.68271879931106771	0.32297990071934213
1999	3.8864113885749294	-1.0014110944266221	-1.4063410515318777	0.26089547911137334
2000	2.0858758744815926	0.99506590443702025	0.63822165255187158	0.42490052647898119
2001	0.34807377226040342	-6.8063972632900954E-002	0.44839701436438067	0.92834988380147854
2002	-0.73916124673186057	1.0620167714172857	-0.54222966755660507	-7.7144573515974674E-002
2003	0.16360612378015046	-1.0271342265492702	-1.5661987876598755	9.3315950106655221E-002
2004	-0.68912291211421406	2.7519430163757046	0.13925712273660507	-0.45004932606716963
2005	1.8743085393325525	-0.28891563844743740	-0.17490542687934740	-0.42729064622387503
2006	-2.2475092977345743	-2.0655158920966588	-1.9595901201712211	0.12101421394985142
2007	-0.16547988393661622	-1.2677126371076191	1.3467498201415344	-0.34514527964518421
2008	1.1014752699115207	-1.1144142946888966	7.6405312018467675E-002	-0.70025939168494400
2009	-3.9050698958420353	-1.2398737633822368	-1.0218170420708550E-002	0.43179821031446441
2010	4.4191126056204881	0.85688729915015904	-0.66652762383840658	8.0760995843605840E-002
