xmlns:cpt=http://iri.columbia.edu/CPT/v10/
cpt:nfields=1
cpt:field=X_loadings, cpt:nrow=9, cpt:ncol=4, cpt:row=station, cpt:col=mode 
Station	Latitude	Longitude	1	2	3	4
prec_1	34.882520000000000	-101.25000000000000	-0.34259425850382008	0.35618880825784671	0.13876882791959200	6.2208101965319007E-002
prec_2	34.882520000000000	-98.437500000000000	-0.31231280951574941	0.45721982942835826	0.10023289798697413	-0.66946538544848622
prec_3	32.091940000000001	-101.25000000000000	-0.34824148085161294	0.25889198949251818	0.13119378617274616	0.69561178589454464
prec_4	32.091940000000001	-98.437500000000000	-0.34755159695607157	0.33100743568430624	5.2579330141697571E-002	5.7636533818149926E-002
st_1	34.882520000000000	-101.25000000000000	0.35941106598321471	0.26246722197132394	0.23575955727713330	0.12649296693914527
st_2	34.882520000000000	-98.437500000000000	0.35593572454023414	0.29016152078346902	0.22232503562230937	0.16294213082562167
st_3	32.091940000000001	-101.25000000000000	0.36267663999869226	0.27421071105513756	0.17868996988100702	-9.6702237809891956E-002
st_4	32.091940000000001	-98.437500000000000	0.36011389708892494	0.29455637057174311	0.15873644846849688	-2.3730030626606315E-002
11.0	32.932977780000002	-99.215388899999994	-0.16106744887677210	-0.41527202589770273	0.88802129892814385	-9.1013609950219732E-002
