xmlns:cpt=http://iri.columbia.edu/CPT/v10/
cpt:nfields=1
cpt:field=X_loadings, cpt:nrow=9, cpt:ncol=4, cpt:row=station, cpt:col=mode 
Station	Latitude	Longitude	1	2	3	4
prec_1	34.882520000000000	-101.25000000000000	-0.35992065298734988	0.15115872199364550	-0.25605190899262309	3.2263061830876003E-002
prec_2	34.882520000000000	-98.437500000000000	-0.33530608665890693	0.13970939056904885	-0.44459919611320081	0.69665254227193341
prec_3	32.091940000000001	-101.25000000000000	-0.34445640081350548	0.29989568599252781	-0.17073552745864648	-0.55815599481353739
prec_4	32.091940000000001	-98.437500000000000	-0.34383996526184074	0.28934582275132087	-0.23730734245062340	-0.18187136707072823
st_1	34.882520000000000	-101.25000000000000	0.34318357014824319	0.35439256011661097	-0.19937018063937245	-7.2208400027861913E-002
st_2	34.882520000000000	-98.437500000000000	0.32738934791573621	0.42588705515387720	-0.20392988283127492	-0.19230915070430502
st_3	32.091940000000001	-101.25000000000000	0.36388287256868113	0.18443041785422770	-0.16573702069669760	0.22383991914166890
st_4	32.091940000000001	-98.437500000000000	0.35841708502307057	0.25504141127648294	-0.14022516656027056	0.12134098718127240
14.0	32.932977780000002	-99.215388899999994	-0.18793221729212775	0.61476770281308069	0.72307389400609801	0.24898637398503282
