xmlns:cpt=http://iri.columbia.edu/CPT/v10/
cpt:nfields=2
cpt:field=undefined, cpt:climit=lower (95.%), cpt:nrow=28, cpt:ncol=1, cpt:row=T, cpt:col=station, cpt:units=none, cpt:missing=-999.00000000000000               
	11.0
cpt:Y	32.932977780000002
cpt:X	-99.215388899999994
1983	0.13141987501914176
1984	0.32196805196488976
1985	0.67929099411447780
1986	1.3885154878990469
1987	0.10703385464343240
1988	-0.22361274831881106
1989	-0.58633862026056871
1990	0.29549722014482960
1991	0.41912532689067561
1992	0.24434344628538396
1993	0.82787104246344478
1994	0.90058651929945244
1995	4.3903822142542293E-002
1996	-8.4810985299573982E-002
1997	-0.32567222232076087
1998	-1.4775388042588520
1999	-5.9645829906228798
2000	8.6204335699520129E-003
2001	0.25434009036653249
2002	-1.2439071486541220E-002
2003	-2.2953322584466411
2004	-0.11447272376713391
2005	-0.45142503280944934
2006	-2.0401604117865273
2007	-0.17074615049986752
2008	-0.31869995360929870
2009	-3.5527887721415574E-002
2010	-0.15068970270384296
cpt:field=undefined, cpt:climit=upper (95.%), cpt:nrow=28, cpt:ncol=1, cpt:row=T, cpt:col=station, cpt:units=none, cpt:missing=-999.00000000000000               
	11.0
cpt:Y	32.932977780000002
cpt:X	-99.215388899999994
1983	7.5830586791869807
1984	7.6700714968099692
1985	8.0482748125014059
1986	9.0036218306460647
1987	7.6534793630047240
1988	7.2343899594037335
1989	6.7539133709459476
1990	7.6551093862178172
1991	8.0727602714128146
1992	8.1208307635677475
1993	8.5737280909873075
1994	8.2885649000037294
1995	7.5339736710215544
1996	7.2226647903820780
1997	7.3311470573190114
1998	6.0487277352513225
1999	3.2802501124774479
2000	7.5374552992751758
2001	7.5402693875548046
2002	7.4756353878947142
2003	5.7754038951955264
2004	7.3483684092098009
2005	7.0086063971544146
2006	5.7030163838809003
2007	7.4409860943556492
2008	7.3210175381294089
2009	7.5839524790138340
2010	8.0069598363042545
