xmlns:cpt=http://iri.columbia.edu/CPT/v10/
cpt:nfields=1
cpt:field=X_scores, cpt:nrow=58, cpt:ncol=4, cpt:row=T, cpt:col=index 
	1	2	3	4
1958	-0.98698604413098667	0.91292683309056344	-0.28862777124637418	-8.4940538861765419E-002
1959	-2.7663316821736532	-0.92472175069817197	0.70138370781679893	-0.78515436379893633
1960	0.48304992759645010	-0.33733605558594892	-0.67139187702465142	-2.5208152876206185E-002
1961	2.0145129884375126	1.3157188970618678	-0.45799215884218392	4.5207043872796435E-002
1962	0.89964264507278935	1.2169170328773653	0.32238186754281350	0.41142078006220423
1963	-0.45272792857074207	-0.27641058966779031	0.11641543746730809	0.17485277550210815
1964	0.37229843380826144	0.29634752293602123	-0.67494128005245346	-0.58226485592254740
1965	-2.5270496680173160	0.61571694740072014	-1.1326199965336681	0.30632413017823140
1966	0.88493535644763888	0.87905823916518400	0.20817772897573991	4.4497674513790726E-002
1967	1.8275123276844456	0.72630636087037470	-9.1526060612818663E-002	-4.1196082863041432E-002
1968	0.53580357481749674	-1.1865274039402383	0.44608945661247024	-0.60704453717034246
1969	1.1062479003503314	0.93170697247023193	0.45829005067988715	-0.17531172539992182
1970	0.42919328574270177	0.43321954243003052	-0.95464106711541552	0.34644421059168984
1971	-7.3545225006053164E-002	1.4975137348848901	-1.0944762522549327	-0.32033977097198607
1972	-4.1615820551078215	0.18548773620782069	0.12103249714125931	-0.49107935945262071
1973	0.67171947664150367	0.87908643034514411	-0.70133438543740378	0.27261235287156738
1974	0.98896888816256978	1.4337389401841993	-0.59698123101953371	-0.13145226974648655
1975	-1.8548683821748739	0.35502772174106789	-0.84737445654644650	8.5193460248334643E-002
1976	-2.6546182769006577	0.34229700968069343	-0.42105771189477081	-7.2124955197473042E-002
1977	-1.9328145564374313	4.9485777341552427E-002	0.17090536090037065	0.13676968913381921
1978	-0.13217976563886338	0.40560776163451479	0.32320132198771284	0.40309563235894791
1979	-0.13006400764660159	-0.16979867279797864	-0.60138630336115240	2.0201773021625118E-002
1980	1.8146702151448710	1.1439714058835311	0.70531811562944602	-0.30359114836077356
1981	-0.45112644066435886	0.42515734019335827	-0.50321148260917470	-6.0288133937250715E-002
1982	-4.4869096856590263	-5.8147015885444429E-002	-0.57118149173977650	-0.20973875362934991
1983	0.71045693698766355	-0.84646554978876676	-0.26556111395056436	-0.28528431877331095
1984	1.4015599419109630	1.3521245930705758E-003	-0.72158970320403992	0.23240910332137707
1985	-1.1329107520180381	-0.20788897263335585	6.3237563558125959E-002	0.64540440969177681
1986	-5.6588370348961003	-0.24966766873397922	1.0431640576312351	0.31545868504919655
1987	-4.9453217171655126	-0.29390031135501982	0.25501338784277533	0.19935632663106884
1988	2.2764506670995988	1.0666133728346028	-0.25341269762472207	-0.15155502352452410
1989	1.6541673472605432	0.68133752830611427	-0.13756877617326924	-0.29328698833167727
1990	-1.8408561299825037	0.61836385337009203	0.64646470733983152	-0.20982211757298627
1991	-1.5014495864634976	0.46112780575156209	0.36388177582254638	-0.25200677728008314
1992	-2.8964302304748690	0.11965129704184792	0.41034772325756569	-8.5294175610461972E-002
1993	-1.9858000431176468	-0.10257124669982785	0.33240723929689031	0.27556792649265899
1994	-2.5287757695685933	-0.58106714144608917	1.3971409431220285	-0.15194554935827154
1995	3.3477101433391834	0.93325551436001097	0.46361987195396587	1.7835561035011719E-002
1996	1.0092891750627384	0.78482659882712780	-5.9252366500960496E-002	0.14180701477462629
1997	-7.4767881692539317	-0.88182778134640727	-0.10863005230376178	1.3529988705864627E-002
1998	3.6410368340086219	-2.3828501473339885	-1.0265149620525145	9.4537898437968906E-002
1999	4.6414172804400362	-2.6186950919676302	-4.9089448702650515E-002	-2.5876029564824616E-002
2000	2.8240498264950937	-2.5214576440964822	-0.81276923995566830	-0.42581718836778137
2001	2.1870431112677533	0.24565258489998795	9.3414230828527331E-002	0.22673207331134965
2002	-0.97619973616678868	-0.15478901421568320	7.9570622258486143E-002	1.5815231417933073E-002
2003	2.7993615896503643	-0.15092136732474218	0.82847014748680781	0.44876304614594587
2004	-2.9080609672607345	0.10447116859261958	-0.84904012610229962	-8.9025598534749367E-002
2005	2.5873090425152876	0.67424874034169824	0.29816172805522512	2.8438217521959547E-002
2006	0.65616961222646208	-0.75769750494324195	1.0133096089394349	-0.17021370641569455
2007	2.7756619665634532	0.52773752500535376	1.2383394184107461	0.11303740511233656
2008	2.9133257654122104	0.52983419396471654	0.26867846669905793	-0.11972913334151301
2009	0.16572413273576303	5.7763967200599772E-002	-0.11484986741987339	3.5272657439774036E-002
2010	4.9073722147383618	0.94977534360126070	0.93608743509722225	0.10119583984291454
2011	3.6655007691920276	-2.4733307752697500	-0.72276119635288305	0.15918131921010414
2012	1.7503763838219728	-1.5453319330043378	0.87831193096383453	-0.16012488177155690
2013	3.8178588147277330	-1.2737496182111332	0.45834294419558325	0.40801346090694196
2014	0.50615271852080468	0.15346273104476188	-3.7028964496990203E-002	-1.5672669696611470E-002
2015	-5.8043154393902103	-1.9596132991876940	0.12565269361372972	0.60641311892867766
