xmlns:cpt=http://iri.columbia.edu/CPT/v10/
cpt:nfields=3
cpt:field=undefined_relodds_B, cpt:nrow=58, cpt:ncol=1, cpt:row=T, cpt:col=station, cpt:missing=-999.00000000000000               
	12.0
cpt:Y	32.932977780000002
cpt:X	-99.215388899999994
1958	1.6237996706534623
1959	1.7596214173218809
1960	2.5623077671245875
1961	0.29455784774038263
1962	0.79990661697027954
1963	3.1402856842780658
1964	2.3544497439313754
1965	0.46816218817739119
1966	0.93617326434227566
1967	1.1552467441457894
1968	5.0412941643209201
1969	0.47648912734818155
1970	4.9995760817618269
1971	0.33172061895443988
1972	7.3187065134116311E-002
1973	1.6434428416425839
1974	0.10970243780526398
1975	1.0982356110251770
1976	0.24395947124948844
1977	1.2097945922600284
1978	0.65408988575980553
1979	1.1584307002682823
1980	0.24569832171377673
1981	0.63888459225909844
1982	0.48213842728312128
1983	0.55960931148138671
1984	0.25142395325799377
1985	0.71350359336767200
1986	9.5984563808013984E-002
1987	0.55932368312140834
1988	1.5737710216578296
1989	1.6137357719268932
1990	0.40436831208823854
1991	0.17560829101643582
1992	0.31817700302381369
1993	0.42555321859579359
1994	0.39113633633372918
1995	0.67357156423797260
1996	0.44754567705070764
1997	0.55251974187472885
1998	2.6979486355174034
1999	8.3180328452850745
2000	0.39262891862313493
2001	0.63390685472637642
2002	0.43804011522542141
2003	4.3884589873434354
2004	7.9626688431785525E-002
2005	1.3449086607422067
2006	6.9344154001675058
2007	0.63651006016656164
2008	1.6727740366742954
2009	0.80470755625512536
2010	1.7158985729566265
2011	429.39963249773933
2012	4.2249403275249691
2013	5.9831919031194110
2014	0.80012204072847459
2015	0.25784881910148333
cpt:field=undefined_relodds_N, cpt:nrow=58, cpt:ncol=1, cpt:row=T, cpt:col=station, cpt:missing=-999.00000000000000               
	12.0
cpt:Y	32.932977780000002
cpt:X	-99.215388899999994
1958	0.86865497403617054
1959	0.85759246510578024
1960	0.75409170837023576
1961	0.66273648908673111
1962	0.92294660435877374
1963	0.66709749611036384
1964	0.77812104241502467
1965	0.80538293384912396
1966	0.92131632170568711
1967	0.94492580066330756
1968	0.49340446281496697
1969	0.81799559658185195
1970	0.50256643809183887
1971	0.69943415528179487
1972	0.26288607066543213
1973	0.87047581421220310
1974	0.34601513555380026
1975	0.88651960965460674
1976	0.58157448018055291
1977	0.93321944834664605
1978	0.90183355583797697
1979	0.90572867364694487
1980	0.58805418503984885
1981	0.88758818816958673
1982	0.81193931365162286
1983	0.85667333936284840
1984	0.59601656010580639
1985	0.91995315739522154
1986	0.32145087134486322
1987	0.84237066805912919
1988	0.84877015583471171
1989	0.89537841793532724
1990	0.76974531037404204
1991	0.47360717003640262
1992	0.66355558559132954
1993	0.77368741059659996
1994	0.74407709376323727
1995	0.89668000027843520
1996	0.76382821839600856
1997	0.78088235293339958
1998	0.70401753591556959
1999	0.33720186719278716
2000	0.74409049102369196
2001	0.89336839832963466
2002	0.78288953271799799
2003	0.55097177001462960
2004	0.27247859067360375
2005	0.92623002680906230
2006	0.38716644626900448
2007	0.84828989801187371
2008	0.88045776252515140
2009	0.88744503028000898
2010	0.84211673191502479
2011	8.1111774247485564E-003
2012	0.55839793091680900
2013	0.43799728662175030
2014	0.93422095709994291
2015	0.61699074992800096
cpt:field=undefined_relodds_A, cpt:nrow=58, cpt:ncol=1, cpt:row=T, cpt:col=station, cpt:missing=-999.00000000000000               
	12.0
cpt:Y	32.932977780000002
cpt:X	-99.215388899999994
1958	0.66346248006652986
1959	0.60368633821406181
1960	0.39396777031925900
1961	3.3013080014997609
1962	1.3253003439041735
1963	0.32277861633512128
1964	0.43668077839648761
1965	2.1949359195388740
1966	1.1534877935687387
1967	0.91120436801050797
1968	0.18855459020987123
1969	2.1435252623547276
1970	0.18558017307510805
1971	2.9829546136424545
1972	11.203530935662195
1973	0.65139445405530150
1974	8.0255857506591379
1975	1.0229958181380809
1976	3.9880725185938442
1977	0.87743901806244096
1978	1.5892040233512186
1979	0.94777155176430050
1980	3.9412926601610230
1981	1.6397751641755103
1982	2.1408702248692602
1983	1.8571638059905808
1984	3.8605964315643058
1985	1.4601895456195593
1986	8.8539736139438538
1987	1.8842074700987448
1988	0.70889026673821798
1989	0.64620231293538932
1990	2.4833737537564131
1991	5.3480501205240634
1992	3.1762902584093879
1993	2.4015629321102865
1994	2.6005026916635554
1995	1.5619425244167744
1996	2.3552024042242921
1997	2.0220058089263184
1998	0.39623665548893167
1999	0.10428746173267540
2000	2.5949500918760222
2001	1.6400974294247255
2002	2.3384749168342376
2003	0.21503441632291714
2004	10.642813738408243
2005	0.78317760470738207
2006	0.13143917610630212
2007	1.7088842916656366
2008	0.62771207937933360
2009	1.3655342122950338
2010	0.63827421809978324
2011	1.1944433508024185E-003
2012	0.22972261083925968
2013	0.15255552010281823
2014	1.3105266162836540
2015	3.7148646577139046
