xmlns:cpt=http://iri.columbia.edu/CPT/v10/
cpt:nfields=2
cpt:field=undefined, cpt:climit=lower (95.%), cpt:nrow=58, cpt:ncol=1, cpt:row=T, cpt:col=station, cpt:units=none, cpt:missing=-999.00000000000000               
	14.0
cpt:Y	32.932977780000002
cpt:X	-99.215388899999994
1958	0.31156028014904025
1959	2.2970047920964083
1960	2.1161577119263564
1961	2.1864795233120748
1962	1.7762162973881273
1963	0.85974215723015091
1964	0.94844216467104681
1965	1.4103041335189705
1966	0.96724477593686897
1967	4.4339408089636336
1968	1.3111667360697139
1969	2.7743059032784454
1970	1.0114469344059922
1971	2.7234951343043177
1972	3.7048642101410874
1973	1.3500068438445534
1974	3.5032863248470552
1975	2.1228484296841232
1976	2.5795277227895914
1977	1.3315070281712718
1978	2.5265700369236064
1979	1.7245221630902685
1980	3.0820423476334335
1981	2.4621217084805549
1982	3.0371630953045194
1983	1.9581797795836202
1984	3.8436106588982195
1985	1.6556071845082179
1986	4.0783622525065280
1987	2.5507487314456787
1988	1.9238827997215893
1989	2.1414543076311543
1990	3.2217936369209434
1991	4.5514641757793299
1992	2.9249076367330193
1993	2.6361240943422501
1994	2.3288832900717771
1995	2.1766934379640963
1996	2.2090262655975605
1997	2.4962781085176475
1998	1.2233978092764768
1999	0.87544450955485553
2000	1.4735147772080599
2001	1.5097571200063726
2002	1.3223767819782057
2003	0.31045508499522367
2004	2.4077986244378238
2005	1.4270919754939908
2006	1.1720374354463325
2007	2.0693331609046881
2008	0.98955798004543194
2009	3.0554451396811584
2010	1.9102765465745155
2011	0.85292652686459869
2012	0.89229869135107376
2013	0.83152302600546801
2014	0.80704324795811710
2015	3.8563945774069932
cpt:field=undefined, cpt:climit=upper (95.%), cpt:nrow=58, cpt:ncol=1, cpt:row=T, cpt:col=station, cpt:units=none, cpt:missing=-999.00000000000000               
	14.0
cpt:Y	32.932977780000002
cpt:X	-99.215388899999994
1958	3.7379236344369966
1959	5.6435868553916659
1960	5.4347878615202738
1961	5.4861672017711873
1962	5.1349415871312454
1963	4.3562819705690110
1964	4.2836368004360299
1965	4.9278256721033440
1966	4.3010280682083479
1967	7.8993584759413622
1968	4.6871529174791986
1969	6.1356667992695009
1970	4.3575578774028010
1971	6.0564765069103617
1972	7.1363755515155862
1973	4.6968811716897623
1974	6.9069049567327081
1975	5.4344283106018256
1976	5.9188474319072020
1977	4.6399219300123260
1978	5.9066504182154294
1979	5.0350848136202995
1980	6.4112130548919941
1981	5.7682817918631910
1982	6.4111574355265102
1983	5.2882681460679430
1984	7.3611008975913794
1985	4.9926726101833143
1986	7.5168334649421222
1987	5.8764019883214802
1988	5.2817434816966786
1989	5.4429262168064465
1990	6.5565517829196258
1991	8.0651980774613268
1992	6.3565527766731478
1993	5.9437945905638010
1994	5.7137106681729062
1995	5.4878051514909352
1996	5.5335116310450019
1997	5.9124184399241448
1998	4.5553724778940676
1999	4.3038221365291793
2000	4.7878770482805564
2001	4.8675595796701892
2002	4.6789800733450031
2003	3.7208815562219515
2004	5.8069265771827574
2005	4.7660900967409248
2006	4.4948138987316044
2007	5.5104604912043209
2008	4.3655835316695111
2009	6.4469728708609253
2010	5.2965336560571004
2011	4.2666057478481587
2012	4.2780658994628826
2013	4.2077861549515800
2014	4.3010459823953067
2015	7.2676765623734259
