xmlns:cpt=http://iri.columbia.edu/CPT/v10/
cpt:nfields=1
cpt:field=X_scores, cpt:nrow=58, cpt:ncol=4, cpt:row=T, cpt:col=index 
	1	2	3	4
1958	-1.6240369127430887	-0.53894623192034641	0.72511339237241934	-0.33645688704889315
1959	-1.5145527964724332	0.46484483200083965	-1.6771781523591309	-4.9207357113362611E-002
1960	-3.3797050353777376	0.48204559879231207	-1.1400559937052805	-0.16440843014653056
1961	2.6359879544411267	0.34071109815733147	-5.7256197881141391E-002	-3.6038042816287745E-002
1962	3.0563240749041358	1.0742554070380557	0.72104806563835200	0.54210842858781283
1963	-0.41129181167084350	1.0558970408900057	0.31343553568926302	-0.76146865323064172
1964	1.3180353741015907	-1.0988254483339965	0.55215750113418260	-0.17921991416155822
1965	-2.9471423110528856	0.20348861792028872	0.49237515925187197	-2.0665234668989445
1966	-0.55570818243140863	0.42947189149877107	0.52918084040284363	0.35483777038755449
1967	1.5218189489584484	-0.41556849644499483	0.86975964780635195	-0.63037144473097040
1968	0.10188326503645485	0.15706946457198045	-0.56242200388411756	-0.46779280206199442
1969	0.98359376473910065	0.36393147619615429	0.97044741172468563	9.2100774973471841E-002
1970	1.0088857052631199	-1.3037743382087790	8.0889688339441837E-002	-5.3270540555408377E-002
1971	1.5902708879610565	0.57354102098152993	0.93135573976402741	-0.29299492353559764
1972	-5.0957909971407300	-0.72826060285840899	0.78362549939527082	1.1333809788684726
1973	2.4375156276403884	0.13836869683417916	0.60204479354220342	-0.42608192194867828
1974	0.20779914156588347	-0.24248614396828150	1.0357370017817349	-0.39844355477340709
1975	4.0442533483282332	-0.78194261093905193	1.0141482028377857	0.10176690239369260
1976	-2.9221342713000160	-0.57407466543598806	0.85566889951423863	-0.62665236615373821
1977	0.20555559787277980	-1.7332411181366882	0.39972771065989376	0.16465978324860550
1978	1.9848455029946421	-4.2226840937848946E-002	0.65122842789258673	0.10355450189497939
1979	-0.55323307889704831	0.97715829004580201	-0.64271238689879506	-0.16293952955727783
1980	-0.16391552609983229	-0.18432109216700776	1.1558213962490202	0.12754101109862084
1981	0.55245990312217019	-0.37502802560154935	6.0301832004188247E-002	0.56596328483118674
1982	-5.7027015639259142	-1.4882427996494074	-0.44708762422107462	-8.5193249180841729E-002
1983	0.26860615537000515	-3.6190462185961962	-2.2651254904222027	-8.3325329939497025E-002
1984	0.40189118733684964	-0.80792429919405917	0.79793579807345882	-0.48804158995988811
1985	-0.24570112654819723	-0.70826567697932130	0.54080206545504184	0.78408386598845281
1986	-1.8399134182079746	-0.35320371720850252	1.0807608582565715	0.30575574623661550
1987	-4.0243173999432367	0.84466065657283418	0.15860600274623032	-0.65499554596856246
1988	4.2303165718948650	2.2235719054807111E-002	0.63293385763420607	-4.2990609367860852E-002
1989	1.2767975253497779	-1.1948378689324077	0.72950958598196969	0.94454824578017571
1990	-2.9731547636580733	1.6916056596222657	-0.57001760148609038	-0.26410071191807011
1991	-6.2002081884716045	1.2660164711091528	0.12378047019272541	0.17643437203652143
1992	-3.4644460294300083	-1.7510730935977197	1.0608020412983254	-0.54984088054113700
1993	-4.1784259294163340	-0.52082908031457043	4.6035034370318847E-002	-8.4975089981875931E-002
1994	-1.6149123035824158	0.43993153530839474	-0.71623003295930177	-1.6663000424017568E-002
1995	4.0337984228622341	2.0307914099680939	-1.8461608007026873E-002	-0.17811679787962037
1996	0.98179599247558602	-0.27344975662117044	0.73883517574211144	-0.89578109031199971
1997	-9.4516585508682702	0.38449979607659207	-0.83165227397486507	0.16700520644887734
1998	3.8224053674637219	-0.82853004304519562	-3.3305961695805353	0.22787769886687423
1999	1.5874350949727893	0.10109727262207782	0.20266105722846914	0.34000182379685234
2000	3.4010873153460701	-0.97960439056385917	-1.9420745926760317	-0.61307786848034040
2001	0.63696291552897710	0.17059996207200856	-0.40657214845450118	0.65083042968673688
2002	-0.78769049011101344	-0.16553196054278230	-0.37913640146839123	4.3397677360277720E-002
2003	3.7370094259767059	1.8171358274993654	-0.51535076981513828	1.5975567200756810E-002
2004	-1.1303780598453694	0.57345097126928479	0.11250525764085316	0.51008531669682999
2005	1.8291552130683932	0.67213928472524076	9.8211255974287232E-002	0.48059217089532974
2006	1.3127311960793648	-1.8274427136458631	1.1927946678505903	0.21890696984732616
2007	5.2975363568970417	1.2891128749962306	-4.4888466718410118E-002	0.47097834040959463
2008	3.2715321915705138	0.45563013102683497	0.74568894171719802	0.17444443677710730
2009	-2.3227220743113972	2.3811661049246848	-1.0888058889918661	3.8406803436713974E-002
2010	5.3033384516842306	1.5823093796222978	0.13112474603930852	-0.15641055838908310
2011	3.8748096124087001	-0.61579528430499797	-3.2763863277005427	-0.49156174909640576
2012	1.3155897479310033	-0.74817805901399870	-0.46797854349329387	0.81757373370757602
2013	3.6410105575284422	-0.40055500941677985	0.16502927653841559	0.39847650880710667
2014	-1.2154260883936974	1.4928918937751163	-0.15912885533604218	0.24057722917682284
2015	-7.5538714887737024	0.82514720140795894	-0.76296530870728418	1.0650783267326853
