xmlns:cpt=http://iri.columbia.edu/CPT/v10/
cpt:nfields=1
cpt:field=X_scores, cpt:nrow=28, cpt:ncol=4, cpt:row=T, cpt:col=index 
	1	2	3	4
1983	-6.2876871408422126	-0.99233493224151148	0.24472297758771097	-7.7075164345903738E-002
1984	2.9663612839548383	-0.78728356779498565	-2.1576114705863048	-0.19486957553723222
1985	-0.28095856757705134	0.96573138985594587	1.4506727762468754	0.14074755845356615
1986	-5.4602358699844160	2.0386472153492665	-0.37431893895429469	0.36415652568427570
1987	-4.8827220394560920	-1.3079543087803813	0.49716991682449946	-0.51754155719887518
1988	1.7625807587030813	0.32754964301729250	-0.48617292685023528	-0.50587240782652343
1989	1.8006443745303162	1.4518087959225925	-0.74170554413438561	0.42601982257662563
1990	-1.6402823546247423	1.0326504528594111	-0.56990238510538127	-0.99685799058899860
1991	0.24689399596310901	0.18150342439156214	-0.47692036688714506	-0.78700114443411362
1992	-4.9497596709467606	-2.1877127548377469	1.0260028665293350	0.58113108603769537
1993	-4.6278634098558395	1.1939831210923009	-0.75247322078616319	-0.21487440707380936
1994	-4.4703385485714593	0.68123494443236998	-0.14432462155369205	8.2217945045840110E-002
1995	0.45462555889709888	-1.6321615343729314	0.51869515578630343	-0.25616078977283019
1996	2.3370892280433360	-0.31521943592683527	-1.1186164807282595	1.9163645956950712
1997	2.1781942257432747	-0.48036241798396123	0.66195854811286148	-0.82599864058311723
1998	5.9671289959186712E-002	-2.1452752061993756	-1.5164289099135753	-9.1238810091253453E-002
1999	1.2970491641395592	1.6242294975615108	0.93690087381394604	0.46070251642378535
2000	1.7988366945380139	3.0757032393000983	0.60710746530736825	0.54974910035863256
2001	0.46896828233901944	0.97680057676665721	-0.66291750677636863	1.3549040779997044E-002
2002	2.7779959427530949	-1.1697148631502905	0.16050923014327850	-0.12895019945918629
2003	0.26004177358055569	-1.3281088561480008	-1.0347822342133113	0.85104246160251318
2004	0.38012956389962660	0.78305025454829980	-0.19323229213428791	-7.4047427602375149E-002
2005	3.7572485761071448	-1.8522871529322691	0.10494611662882031	-0.13649341445173471
2006	3.7517328512614068	-0.70626200555011165	1.4624606538966254	-0.33969197890958158
2007	0.48004317506900568	-1.1581137256965588	1.0493899056793714	-0.12586887231426383
2008	3.3833440561228669	1.6190562804508006	0.45927744468139986	-0.92513920268181016
2009	0.86595020710764103	0.45592766696457654	-0.55882719290876459	-0.34422457600763406
2010	1.5724465991485845	-0.34508574089786132	1.6084201602944885	1.1562255062223805
