xmlns:cpt=http://iri.columbia.edu/CPT/v10/
cpt:nfields=3
cpt:field=undefined_prob_B, cpt:nrow=58, cpt:ncol=1, cpt:row=T, cpt:col=station, cpt:units=%, cpt:missing=-999.00000000000000               
	10.0
cpt:Y	33.008157699999998
cpt:X	-100.18065890000000
1958	24.114654812977847
1959	31.993018294088955
1960	49.715245932566845
1961	25.493656605771548
1962	56.570225343174052
1963	27.415859013615190
1964	30.026390558420815
1965	42.221302413039844
1966	31.856801184792928
1967	40.731169120406072
1968	63.094376790404652
1969	13.649401811554256
1970	42.818358183726822
1971	31.472325572742733
1972	31.435567679556016
1973	51.858987413570567
1974	28.799365892012958
1975	40.486105216136778
1976	27.143360228221113
1977	73.724779068487379
1978	46.746295887048852
1979	49.299709457496618
1980	27.899347414956225
1981	22.386652377243891
1982	42.175689878051855
1983	54.960756938521463
1984	21.961768057484790
1985	30.755697189823024
1986	38.064043099022847
1987	23.419382200356992
1988	49.100030800795643
1989	26.022691714303846
1990	34.510444329890149
1991	24.777551939563551
1992	38.828694270740485
1993	33.309002656098400
1994	56.226606768771781
1995	45.321004056072390
1996	30.885773457452942
1997	52.064797357915040
1998	42.129519399576495
1999	26.034063900437872
2000	39.471785868165277
2001	43.549662887264184
2002	29.597472359129910
2003	33.253709813865513
2004	25.866768906002051
2005	21.975277981229226
2006	35.463340817937578
2007	29.100744203264213
2008	13.909012561506700
2009	51.491921440062328
2010	12.046388191218441
2011	44.327712460221449
2012	25.774341759637110
2013	29.662822925184926
2014	28.902192610927017
2015	48.281867260135733
cpt:field=undefined_prob_N, cpt:nrow=58, cpt:ncol=1, cpt:row=T, cpt:col=station, cpt:units=%, cpt:missing=-999.00000000000000               
	10.0
cpt:Y	33.008157699999998
cpt:X	-100.18065890000000
1958	33.706485352655626
1959	34.378094745516357
1960	31.943418457299451
1961	34.683751649329722
1962	28.320299498919969
1963	35.086807710901795
1964	35.471370803404163
1965	32.886610449608753
1966	35.123040679858931
1967	34.377456124047796
1968	25.753565263285410
1969	25.863948206046558
1970	33.867906009347820
1971	35.000229391805036
1972	35.251988598955244
1973	30.746667041766603
1974	35.219838996088470
1975	34.051021037371747
1976	34.772538771938066
1977	19.305963285550785
1978	32.826327002395274
1979	31.659191439896695
1980	35.056821281379079
1981	33.275719310272805
1982	33.709135395615363
1983	28.072188782847505
1984	33.162936306226584
1985	35.463686552159700
1986	34.580464629598779
1987	33.087597839998537
1988	31.077567192938581
1989	34.901320890213462
1990	35.456895039598557
1991	34.352623405083484
1992	34.412728876815912
1993	33.817600903771542
1994	28.986493086489748
1995	33.287570453308831
1996	35.214324519333530
1997	28.768559020849271
1998	31.768288842986053
1999	34.065885737303240
2000	33.649451440501679
2001	33.342140371421522
2002	34.699703739067360
2003	35.156914618278890
2004	34.838345868852215
2005	33.511613962857517
2006	34.502293423108533
2007	34.848217037838246
2008	27.741728652873846
2009	29.186011067950680
2010	26.240604685433361
2011	31.476201965461552
2012	34.620746783607217
2013	35.427862351584686
2014	35.317069885570845
2015	32.006725532226497
cpt:field=undefined_prob_A, cpt:nrow=58, cpt:ncol=1, cpt:row=T, cpt:col=station, cpt:units=%, cpt:missing=-999.00000000000000               
	10.0
cpt:Y	33.008157699999998
cpt:X	-100.18065890000000
1958	42.178859834366527
1959	33.628886960394688
1960	18.341335610133704
1961	39.822591744898730
1962	15.109475157905980
1963	37.497333275483015
1964	34.502238638175022
1965	24.892087137351407
1966	33.020158135348140
1967	24.891374755546131
1968	11.152057946309940
1969	60.486649982399186
1970	23.313735806925362
1971	33.527445035452232
1972	33.312443721488741
1973	17.394345544662830
1974	35.980795111898573
1975	25.462873746491475
1976	38.084100999840821
1977	6.9692576459618323
1978	20.427377110555874
1979	19.041099102606687
1980	37.043831303664696
1981	44.337628312483304
1982	24.115174726332786
1983	16.967054278631032
1984	44.875295636288627
1985	33.780616258017275
1986	27.355492271378377
1987	43.493019959644471
1988	19.822402006265776
1989	39.075987395482692
1990	30.032660630511295
1991	40.869824655352964
1992	26.758576852443603
1993	32.873396440130058
1994	14.786900144738471
1995	21.391425490618783
1996	33.899902023213528
1997	19.166643621235689
1998	26.102191757437453
1999	39.900050362258888
2000	26.878762691333048
2001	23.108196741314295
2002	35.702823901802731
2003	31.589375567855594
2004	39.294885225145734
2005	44.513108055913257
2006	30.034365758953889
2007	36.051038758897541
2008	58.349258785619455
2009	19.322067491986992
2010	61.713007123348198
2011	24.196085574316999
2012	39.604911456755673
2013	34.909314723230388
2014	35.780737503502138
2015	19.711407207637766
