xmlns:cpt=http://iri.columbia.edu/CPT/v10/
cpt:nfields=3
cpt:field=undefined_prob_B, cpt:nrow=58, cpt:ncol=1, cpt:row=T, cpt:col=station, cpt:units=%, cpt:missing=-999.00000000000000               
	06.0
cpt:Y	33.008157699999998
cpt:X	-100.18065890000000
1958	28.219547471900768
1959	36.397805606033494
1960	40.141395297407186
1961	62.888248966169527
1962	57.302102831441303
1963	26.674941311656198
1964	51.990684703704019
1965	18.753091906852717
1966	32.316255467784217
1967	35.501858678709524
1968	35.255991719025644
1969	26.567634394840979
1970	37.394884633370218
1971	24.373159062386279
1972	37.021479838811601
1973	47.758852934487663
1974	38.779735018709275
1975	34.022850225782378
1976	37.284293068291639
1977	32.034238389633245
1978	32.663791692385374
1979	41.019851834507570
1980	22.707397307059850
1981	33.182028678473358
1982	19.010819275843033
1983	26.845719738344016
1984	68.351786196083523
1985	22.746189590842391
1986	30.376711072978097
1987	22.941565721946660
1988	46.332171987070424
1989	52.085534973643391
1990	37.324955718763519
1991	39.307039792241518
1992	19.935493331929877
1993	40.989016613574528
1994	26.134444823154567
1995	30.093549193276871
1996	67.120232674547992
1997	34.594648831085522
1998	59.385983995532371
1999	31.358647915346864
2000	38.887424537318594
2001	44.259700569886093
2002	43.625130644857450
2003	52.512066200628460
2004	46.127529252528142
2005	48.180736259049084
2006	29.943167894767740
2007	29.977246027935919
2008	36.409449247888894
2009	47.357178414119218
2010	34.869568873549042
2011	59.489197137411942
2012	44.204339111451382
2013	42.270422075409982
2014	39.110865838627660
2015	22.636710963920436
cpt:field=undefined_prob_N, cpt:nrow=58, cpt:ncol=1, cpt:row=T, cpt:col=station, cpt:units=%, cpt:missing=-999.00000000000000               
	06.0
cpt:Y	33.008157699999998
cpt:X	-100.18065890000000
1958	27.076736520978706
1959	28.815311391692063
1960	28.511876368840024
1961	22.266419944877228
1962	24.500041854707646
1963	27.637013406164897
1964	26.252572652638815
1965	24.580542823079298
1966	28.500025520103023
1967	28.781895995055848
1968	28.890147475741458
1969	27.009120202238059
1970	28.779077269406386
1971	26.763833976144589
1972	28.535509759472248
1973	27.375645894644510
1974	28.376996518340192
1975	28.622188776705059
1976	28.828322091934204
1977	28.764342156802492
1978	28.063253152045093
1979	27.920175943271509
1980	26.442657397165007
1981	28.645361310831433
1982	24.438888684394584
1983	26.784093981722350
1984	19.493419507899652
1985	26.224678981959585
1986	27.204629094085682
1987	24.843685390301481
1988	27.778999279959233
1989	25.742034130527891
1990	28.922354115816574
1991	28.535536667503315
1992	22.898680272918895
1993	27.904563160624626
1994	26.426270029118271
1995	28.552916974750147
1996	20.306698416119673
1997	28.854948534785542
1998	22.897344479473517
1999	27.859008819586087
2000	28.519430985519740
2001	27.548326197095626
2002	28.282563185661193
2003	25.536349635353815
2004	27.574126465515388
2005	26.942791134633413
2006	28.028448359891826
2007	28.389762969033747
2008	28.168690096077732
2009	27.555020818632308
2010	28.676882458637813
2011	23.583163402189431
2012	28.199074520868635
2013	28.242602915199083
2014	28.660746801254312
2015	26.554016057564937
cpt:field=undefined_prob_A, cpt:nrow=58, cpt:ncol=1, cpt:row=T, cpt:col=station, cpt:units=%, cpt:missing=-999.00000000000000               
	06.0
cpt:Y	33.008157699999998
cpt:X	-100.18065890000000
1958	44.703716007120526
1959	34.786883002274443
1960	31.346728333752790
1961	14.845331088953245
1962	18.197855313851051
1963	45.688045282178905
1964	21.756742643657166
1965	56.666365270067985
1966	39.183719012112761
1967	35.716245326234628
1968	35.853860805232898
1969	46.423245402920962
1970	33.826038097223396
1971	48.863006961469132
1972	34.443010401716151
1973	24.865501170867827
1974	32.843268462950533
1975	37.354960997512563
1976	33.887384839774157
1977	39.201419453564263
1978	39.272955155569534
1979	31.059972222220921
1980	50.849945295775143
1981	38.172610010695209
1982	56.550292039762383
1983	46.370186279933634
1984	12.154794296016824
1985	51.029131427198024
1986	42.418659832936221
1987	52.214748887751860
1988	25.888828732970342
1989	22.172430895828718
1990	33.752690165419907
1991	32.157423540255166
1992	57.165826395151228
1993	31.106420225800846
1994	47.439285147727162
1995	41.353533831972982
1996	12.573068909332342
1997	36.550402634128936
1998	17.716671524994112
1999	40.782343265067048
2000	32.593144477161665
2001	28.191973233018281
2002	28.092306169481358
2003	21.951584164017724
2004	26.298344281956471
2005	24.876472606317503
2006	42.028383745340435
2007	41.632991003030334
2008	35.421860656033374
2009	25.087800767248474
2010	36.453548667813145
2011	16.927639460398627
2012	27.596586367679983
2013	29.486975009390935
2014	32.228387360118028
2015	50.809272978514628
