xmlns:cpt=http://iri.columbia.edu/CPT/v10/
cpt:nfields=3
cpt:field=undefined_relodds_B, cpt:nrow=28, cpt:ncol=1, cpt:row=T, cpt:col=station, cpt:missing=-999.00000000000000               
	08.0
cpt:Y	33.008157699999998
cpt:X	-100.18065890000000
1983	1.8928798856484368
1984	7.8864815365338581
1985	1.2707467850928944
1986	1.2665024822682547
1987	1.1643477695452005
1988	1.6969304242474939
1989	2.9675625227728912
1990	2.0941976280063215
1991	1.1177571932727648
1992	2.1137744687304036
1993	3.5914515371458138
1994	8.1256941125032842
1995	5.1759168909886588
1996	3.0650073642234155
1997	1.3614112789061856
1998	6.0940623253389372
1999	1.5210043648016309
2000	1.2530713588784499
2001	2.1546347740383176
2002	1.6698347722631706
2003	2.3346854571504552
2004	1.0032843504374345
2005	1.8502525035644712
2006	2.0261879840718033
2007	1.7918368314231246
2008	1.1901010907373526
2009	1.1910750693128538
2010	0.64634380483919973
cpt:field=undefined_relodds_N, cpt:nrow=28, cpt:ncol=1, cpt:row=T, cpt:col=station, cpt:missing=-999.00000000000000               
	08.0
cpt:Y	33.008157699999998
cpt:X	-100.18065890000000
1983	0.33785634020847538
1984	0.17994106174169505
1985	0.36713156805141955
1986	0.34250381546529046
1987	0.34696044711757634
1988	0.37415399241438968
1989	0.32691014042716943
1990	0.34943328371357291
1991	0.34085925570567738
1992	0.29901054363972102
1993	0.29792322819278633
1994	0.16553292544821574
1995	0.24009333799041124
1996	0.30866644243327890
1997	0.37314817443281351
1998	0.20841780378916278
1999	0.35793792611919212
2000	0.36286474683391834
2001	0.35510674148715277
2002	0.36610169247517421
2003	0.34586378902381260
2004	0.35432945051433157
2005	0.36910471801605843
2006	0.35397805897664042
2007	0.36067612476379546
2008	0.32716777372239231
2009	0.34600569034341211
2010	0.29335797074936520
cpt:field=undefined_relodds_A, cpt:nrow=28, cpt:ncol=1, cpt:row=T, cpt:col=station, cpt:missing=-999.00000000000000               
	08.0
cpt:Y	33.008157699999998
cpt:X	-100.18065890000000
1983	1.1707933170987284
1984	0.27208808010249291
1985	1.6790784068131448
1986	1.7457600424744599
1987	1.8775307140500808
1988	1.2435659848514720
1989	0.71047096305418656
1990	1.0292259220212037
1991	1.9672613157460914
1992	1.1061253732944218
1993	0.59080771031864909
1994	0.27551351877927854
1995	0.41408852941361030
1996	0.70697217464007023
1997	1.5571400778799784
1998	0.36049600941736060
1999	1.4259392928263985
2000	1.7121851629185909
2001	0.98778814994036102
2002	1.2800643828143414
2003	0.91527728854793866
2004	2.1274250943592463
2005	1.1429107112478321
2006	1.0598509228288757
2007	1.1982793861528667
2008	1.8937257185993943
2009	1.8406947198897454
2010	3.3740811123821395
