xmlns:cpt=http://iri.columbia.edu/CPT/v10/
cpt:nfields=3
cpt:field=undefined_prob_B, cpt:nrow=58, cpt:ncol=1, cpt:row=T, cpt:col=station, cpt:units=%, cpt:missing=-999.00000000000000               
	05.0
cpt:Y	33.008157699999998
cpt:X	-100.18065890000000
1958	25.429608731668878
1959	38.014763791431974
1960	43.391998715844849
1961	47.006864947548621
1962	51.010624250377994
1963	40.471113230275833
1964	59.022118530503263
1965	21.518832106614283
1966	24.308742302297276
1967	49.697727052049537
1968	44.154307911169333
1969	31.254692121496561
1970	45.405908424911225
1971	52.385292209620161
1972	26.315234804969762
1973	39.029411917306930
1974	49.576937276162766
1975	45.610617761332975
1976	39.904857623456223
1977	37.344533435004564
1978	44.967815475630289
1979	29.089730330356232
1980	31.091644024993386
1981	53.607011757464122
1982	34.451661283024620
1983	15.345848498652757
1984	46.210802625633242
1985	40.450353812513448
1986	26.568969041041342
1987	9.8781590025895696
1988	49.731736381989300
1989	49.440400169667512
1990	34.690927429299308
1991	24.707523938524972
1992	6.8579162270696372
1993	19.735180841175222
1994	23.847961011664765
1995	36.189236635277624
1996	50.376646242226371
1997	32.039750729343268
1998	20.429640263302844
1999	70.719786522955957
2000	62.233063622544599
2001	39.678166513214364
2002	31.004385540424579
2003	27.696808129786461
2004	43.503972263362037
2005	30.561947100625702
2006	48.383110561331200
2007	39.093704153217978
2008	66.263879338992211
2009	38.938131960552205
2010	45.672131686070415
2011	59.632310348393688
2012	40.063648992167003
2013	46.125768588327446
2014	44.845858283650884
2015	21.261309629370558
cpt:field=undefined_prob_N, cpt:nrow=58, cpt:ncol=1, cpt:row=T, cpt:col=station, cpt:units=%, cpt:missing=-999.00000000000000               
	05.0
cpt:Y	33.008157699999998
cpt:X	-100.18065890000000
1958	29.377006801972392
1959	30.510148767713815
1960	29.836734739999279
1961	29.079099616334787
1962	27.987092436523699
1963	30.274322448652438
1964	25.104087839226949
1965	27.996402702500433
1966	29.041824186182737
1967	28.372839831040420
1968	29.696145026453646
1969	30.445641942433802
1970	29.442748796527301
1971	27.555633190304270
1972	29.610063270888560
1973	30.428050629283128
1974	28.407005098763115
1975	29.398690253334617
1976	30.339787916789152
1977	30.552149276231539
1978	29.534587422712328
1979	30.171282660962710
1980	30.429649440465759
1981	27.149259524107485
1982	30.615872192741541
1983	24.395417771007565
1984	29.265361170430293
1985	30.276836916855441
1986	29.671843913514486
1987	19.172906699321103
1988	28.363179548337246
1989	28.445351667996583
1990	30.618125761940398
1991	29.166357310146850
1992	15.073204885305771
1993	27.154084254565674
1994	28.890476325944256
1995	30.600972623667431
1996	28.176629582523759
1997	30.512404882004681
1998	27.499298192096916
1999	19.492350690123921
2000	23.716641213568362
2001	30.364164462716051
2002	30.420786182640704
2003	29.920464654020627
2004	29.816747870968509
2005	30.372547734954772
2006	28.732380099851532
2007	30.422111566779957
2008	21.806447555727871
2009	30.436333343384845
2010	29.385309391016865
2011	24.850003683932385
2012	30.322086423505475
2013	29.284625411223399
2014	29.559555166491965
2015	27.883619319027567
cpt:field=undefined_prob_A, cpt:nrow=58, cpt:ncol=1, cpt:row=T, cpt:col=station, cpt:units=%, cpt:missing=-999.00000000000000               
	05.0
cpt:Y	33.008157699999998
cpt:X	-100.18065890000000
1958	45.193384466358729
1959	31.475087440854210
1960	26.771266544155871
1961	23.914035436116592
1962	21.002283313098307
1963	29.254564321071729
1964	15.873793630269786
1965	50.484765190885284
1966	46.649433511519987
1967	21.929433116910044
1968	26.149547062377021
1969	38.299665936069637
1970	25.151342778561474
1971	20.059074600075569
1972	44.074701924141678
1973	30.542537453409942
1974	22.016057625074119
1975	24.990691985332408
1976	29.755354459754624
1977	32.103317288763897
1978	25.497597101657384
1979	40.738987008681057
1980	38.478706534540855
1981	19.243728718428393
1982	34.932466524233838
1983	60.258733730339678
1984	24.523836203936465
1985	29.272809270631111
1986	43.759187045444172
1987	70.948934298089327
1988	21.905084069673453
1989	22.114248162335905
1990	34.690946808760295
1991	46.126118751328178
1992	78.068878887624592
1993	53.110734904259104
1994	47.261562662390979
1995	33.209790741054945
1996	21.446724175249869
1997	37.447844388652051
1998	52.071061544600241
1999	9.7878627869201278
2000	14.050295163887039
2001	29.957669024069585
2002	38.574828276934717
2003	42.382727216192912
2004	26.679279865669454
2005	39.065505164419527
2006	22.884509338817267
2007	30.484184280002065
2008	11.929673105279925
2009	30.625534696062950
2010	24.942558922912720
2011	15.517685967673927
2012	29.614264584327522
2013	24.589606000449155
2014	25.594586549857151
2015	50.855071051601875
