xmlns:cpt=http://iri.columbia.edu/CPT/v10/
cpt:nfields=2
cpt:field=undefined, cpt:climit=lower (95.%), cpt:nrow=58, cpt:ncol=1, cpt:row=T, cpt:col=station, cpt:units=none, cpt:missing=-999.00000000000000               
	07.0
cpt:Y	33.008157699999998
cpt:X	-100.18065890000000
1958	-4.4857342040165218
1959	-0.60870404851996796
1960	-3.3682595444852925
1961	-1.1185267158615675
1962	-1.7340200909820611
1963	-0.31215378788665671
1964	-3.6284611533207078
1965	-3.9154453188661953
1966	-5.3305492258075846
1967	-0.95515916003383872
1968	-1.5407799770606401
1969	-3.8259404102342041
1970	-5.1629618746654371
1971	-3.2921209545783379
1972	-3.3768208821101640
1973	-4.4422554113641439
1974	-7.2298887981159803
1975	-5.0575542840756267
1976	-6.9926868313770800
1977	-4.7813720523682708
1978	-4.2211859105514771
1979	-3.6927424193251634
1980	-4.4715143797549430
1981	-3.7216807324455834
1982	-1.7034463302636320
1983	-6.7862172637366136
1984	-9.1247326351015090
1985	-3.9734855982194324
1986	-2.7610726615617169
1987	-3.5229394191473018
1988	-5.2159484551781174
1989	-3.2856977928647351
1990	-1.3360475935250689
1991	-1.7471448798703264
1992	-2.9049599717588270
1993	-4.2284301843527494
1994	-6.0367555161084443
1995	-4.8799221567314195
1996	-4.8576120583866782
1997	-2.0070798562985193
1998	-5.7164680685161020
1999	-1.9106334917269958
2000	-5.2371233667029262
2001	-6.7527572460841672
2002	-6.8607071347250557
2003	-3.8445396772888634
2004	-4.8601493953598229
2005	-4.7799760691036628
2006	-4.4989333374606097
2007	-3.4797363221037694
2008	-4.8676594828900814
2009	-5.4283830965054092
2010	-4.4861233478822022
2011	-10.041876311332047
2012	-5.7156981834624681
2013	-4.7422542009781985
2014	-4.3764864951514024
2015	-3.1755813196436939
cpt:field=undefined, cpt:climit=upper (95.%), cpt:nrow=58, cpt:ncol=1, cpt:row=T, cpt:col=station, cpt:units=none, cpt:missing=-999.00000000000000               
	07.0
cpt:Y	33.008157699999998
cpt:X	-100.18065890000000
1958	9.5361685139759107
1959	13.652694904896437
1960	10.544504719654626
1961	12.903147455342456
1962	12.196960735527398
1963	13.933496444799633
1964	10.201707346073913
1965	9.9404907235676099
1966	8.6124932515530155
1967	13.053768796310163
1968	12.312428451915718
1969	10.177389710250552
1970	8.9303976755122463
1971	10.363800875396556
1972	10.434849986311573
1973	9.1631352974967424
1974	7.3733563332322740
1975	8.8242625168231079
1976	7.4813123799951189
1977	8.9346152627393884
1978	9.5698412563600890
1979	10.408624974713854
1980	9.2312935709285799
1981	10.188480857844354
1982	12.106211257325299
1983	7.9116399163143853
1984	5.4732153150978480
1985	10.355141752585418
1986	12.007421947518644
1987	11.108891066250631
1988	8.5327301902096977
1989	10.982125245412055
1990	12.742560559898067
1991	12.214985360947185
1992	12.307174820547733
1993	9.5699739074532193
1994	8.7881060884914852
1995	8.8062091404515250
1996	8.9146882643074647
1997	11.794404310990885
1998	8.4867024857111915
1999	12.001962043664827
2000	8.5006672432673565
2001	7.7585981062277316
2002	7.0675629874236190
2003	10.048098859812008
2004	8.8453690738785617
2005	8.9364594361579623
2006	9.3049404911606892
2007	10.170127805298375
2008	8.9151876345439511
2009	8.4852464850226781
2010	9.1523337650954080
2011	4.8955799528080757
2012	8.2760268634501344
2013	9.5330538009509862
2014	9.4303375675607626
2015	10.590491300770614
