xmlns:cpt=http://iri.columbia.edu/CPT/v10/
cpt:nfields=1
cpt:field=X_scores, cpt:nrow=28, cpt:ncol=4, cpt:row=T, cpt:col=index 
	1	2	3	4
1983	-6.8439284858746845	-0.16721920417982336	0.89121987689630877	0.51686437380699901
1984	0.11768590018366477	-1.1289856945193020	-7.3057162427960745E-002	0.37933262615363739
1985	2.3463596341098634	1.1068513154129449	-0.43362497527737909	0.14739936024292830
1986	-1.4296266118872134	0.53616049981510627	-1.1032127060437893	-0.36613639660117031
1987	-6.5846120256302862	0.53213617870829077	0.30706605297556561	0.39946704674644334
1988	2.2162705398123386	-0.23159398900006889	-0.81644220232550757	0.26582061809033841
1989	4.3221023590602980	-0.14048954584921100	0.13761623106616772	0.78354219057793106
1990	-1.1122446801587356	1.2381471846161169	-0.10254381905175132	-0.62615768527343407
1991	-0.43237853445653113	-0.79965675112000023	0.29228654066854676	-0.77975045585273639
1992	-6.1783698770763662	1.1234074965970846	-0.10572797420964190	1.5871149891540457E-002
1993	-3.5646935842696790	-0.26189583346303413	-0.18362093572213958	0.50147118959670245
1994	-1.9282062807438314	-1.1697513590574955	0.28537982594420075	-0.14820200509772608
1995	-2.4818711755577820	-2.7385033707834108	-0.19148379913938213	-0.33268588212085615
1996	2.4795160874757110	-1.7890160206023817	-0.49780515231418665	0.38562445161336789
1997	1.1888888128582897	1.0332689085924496	-0.93332032949768573	-0.27686410905991671
1998	-4.1388614411113833	-0.35981685023517945	0.64818211275377147	-0.51697311726825201
1999	5.5350628335598211	-1.5062112528003253	0.92389103379176496	-0.41450502087986774
2000	4.9596400828858611	0.52582738994243206	0.69054251263840749	0.13003769897616610
2001	0.11200674378331194	0.32081528888123134	0.41968000688109086	0.50588999622871045
2002	0.18155520559429333	0.26194268377541935	-0.76998618111488260	-1.0837329129711278E-002
2003	-1.0114389659173764	-0.64735400368995688	-0.51468959796222025	-0.23713851429877919
2004	0.58314827508326039	0.97884385749578773	-3.0336401399414280E-003	-0.12193481107067423
2005	0.24748472023856596	0.28606707031031969	-0.34399409116537100	-0.47592712408629628
2006	2.2996566459513179	-4.5126690414207839E-002	-0.10248136831581109	0.16890431269020695
2007	-0.51829565201281758	0.94029853403959796	4.7505547033473622E-002	0.23687204006211998
2008	4.8762957343384663	0.61763302205514925	0.18240002976696976	-8.3871109596981144E-002
2009	2.4634079571583793	5.1111720849068995E-002	-8.7428753509640508E-002	0.26751560207954850
2010	2.2954457826025703	1.4331094146233252	1.4366829178003986	-0.31362909642033426
