xmlns:cpt=http://iri.columbia.edu/CPT/v10/
cpt:nfields=2
cpt:field=undefined, cpt:climit=lower (95.%), cpt:nrow=58, cpt:ncol=1, cpt:row=T, cpt:col=station, cpt:units=none, cpt:missing=-999.00000000000000               
	11.0
cpt:Y	33.008157699999998
cpt:X	-100.18065890000000
1958	-4.2022955316286632
1959	-2.1326625767947274
1960	-0.17957593428993768
1961	-4.5117039951899498
1962	-3.4577853286011644
1963	-3.8648901418735164
1964	-7.0441448236752215
1965	-1.6045314918060889
1966	-4.9729944129052006
1967	-4.8770974676462124
1968	-8.2438043994638353
1969	-1.9232061515208869
1970	-5.9075619919882971
1971	-2.3549450964563290
1972	-2.5301033593257332
1973	-5.5666736028254178
1974	-2.3893436383298408
1975	-4.1421965600026178
1976	-2.9448967903805032
1977	-9.0569024034824963
1978	-3.8106063117221116
1979	-11.701612838792695
1980	-2.6905055735231107
1981	-2.0757890937414905
1982	-6.7789205875404868
1983	-2.6436998484714875
1984	-1.9850512256667905
1985	-1.4943244959945812
1986	-1.1764233044875816
1987	-5.9618513258373405
1988	-4.8945664194528673
1989	-5.5003232260920596
1990	-3.7100457668782090
1991	-2.5321817498980792
1992	-6.8407629661586089
1993	-4.9106297227695110
1994	-5.3275031638416159
1995	-3.7225367888567495
1996	-4.0595099872696565
1997	-5.5459483394502280
1998	-6.3050437254876996
1999	-4.4914119467162426
2000	-2.5560480193649755
2001	-5.3193738717804688
2002	-3.5315454111403985
2003	-4.8289297167150176
2004	-2.1679893415078935
2005	-3.4668621430037776
2006	-1.5393544938146482
2007	-3.9829641588216966
2008	-2.4821023684690782
2009	-4.5433026167991741
2010	-3.6160252913312392
2011	-4.3697416690183388
2012	-7.5720629136841353
2013	-5.4078716459648319
2014	-3.0151267862091236
2015	-4.0476326956670299
cpt:field=undefined, cpt:climit=upper (95.%), cpt:nrow=58, cpt:ncol=1, cpt:row=T, cpt:col=station, cpt:units=none, cpt:missing=-999.00000000000000               
	11.0
cpt:Y	33.008157699999998
cpt:X	-100.18065890000000
1958	7.9325667555635784
1959	10.101806363215429
1960	12.679877755182844
1961	7.7661483595713081
1962	8.7849293476300794
1963	8.4193838243907315
1964	5.7119729765734384
1965	11.247622834455676
1966	7.2187813990781882
1967	7.4349712737988227
1968	4.3505378378855255
1969	10.494684729347076
1970	6.4776528231310522
1971	10.250155837519038
1972	9.9972387134028367
1973	7.1150092163674845
1974	10.198134166243156
1975	8.2030003397825624
1976	9.6256501977355207
1977	3.6268371835697808
1978	8.5034609276683781
1979	1.6109216302462626
1980	9.4615401451339416
1981	10.642194625679803
1982	5.9329032173539975
1983	11.137024918564613
1984	10.461171779903740
1985	10.907962055914622
1986	11.729520901547350
1987	6.7043861621078165
1988	7.3035854565666662
1989	6.9135359774218523
1990	8.4808183660524001
1991	9.7093249752791664
1992	5.6901287978941824
1993	7.5443998080294117
1994	7.5420103132816259
1995	8.6990171179511186
1996	8.2090584389991417
1997	7.1791485971217019
1998	6.2568136632370912
1999	8.0756394157004472
2000	9.7987462616628918
2001	6.8775768918228870
2002	8.7577432750384503
2003	7.4392786741219856
2004	10.516528360626431
2005	8.7200552736460075
2006	10.767973167812247
2007	8.4121965279740021
2008	9.9307241541484288
2009	7.6371390123999578
2010	8.9869636425075630
2011	7.9197327369628230
2012	4.9207205482441445
2013	6.8708558266941946
2014	9.1974981953920452
2015	9.1306050749760193
