xmlns:cpt=http://iri.columbia.edu/CPT/v10/
cpt:nfields=1
cpt:field=X_loadings, cpt:nrow=13, cpt:ncol=4, cpt:row=station, cpt:col=mode 
Station	Latitude	Longitude	1	2	3	4
prec_1	34.882520000000000	-104.06250000000000	0.28560841213156807	0.32204412315476832	-0.12136635259265169	1.7192337059672622E-003
prec_2	34.882520000000000	-101.25000000000000	0.33326801243447873	0.11885978168665307	1.2889676158184531E-002	0.10524530277470281
prec_3	34.882520000000000	-98.437500000000000	0.33071005028149458	0.13387921993491234	8.6594251910285067E-002	-6.0331583623822939E-002
prec_4	32.091940000000001	-104.06250000000000	0.28223394286290776	0.32997253807114446	-2.0897712829849521E-003	-0.10575144721409607
prec_5	32.091940000000001	-101.25000000000000	0.25960792189696991	0.26286675664393788	0.44135914567195267	-7.9122776711080811E-002
prec_6	32.091940000000001	-98.437500000000000	0.10280799888080222	-0.22869454527744776	0.61138046148886016	-0.60409431810860859
st_1	34.882520000000000	-104.06250000000000	-0.33266146242123007	-0.16389038091852454	0.17398429508446875	2.3693735039523371E-002
st_2	34.882520000000000	-101.25000000000000	-0.32720317206094934	0.22948804401594936	0.18280223801467224	-9.1431022770034592E-002
st_3	34.882520000000000	-98.437500000000000	-0.30914005448386683	0.31966382579134051	0.11370170323576602	-7.1791694417490351E-002
st_4	32.091940000000001	-104.06250000000000	-0.31994910707540497	-7.1353868145823673E-002	0.18331405830292724	0.10632940179954570
st_5	32.091940000000001	-101.25000000000000	-0.26957150394167162	0.39785964509924621	0.10464987292001353	1.6688907365663166E-002
st_6	32.091940000000001	-98.437500000000000	-0.20000301616364288	0.53696726016405627	-2.9033340394947448E-002	-3.9602996963401770E-002
06.0	33.008157699999998	-100.18065890000000	0.10972147555260406	-2.2956389738305823E-002	0.53572691152702856	0.75873507357080261
