xmlns:cpt=http://iri.columbia.edu/CPT/v10/
cpt:nfields=2
cpt:field=undefined, cpt:climit=lower (95.%), cpt:nrow=58, cpt:ncol=1, cpt:row=T, cpt:col=station, cpt:units=none, cpt:missing=-999.00000000000000               
	03.0
cpt:Y	33.008157699999998
cpt:X	-100.18065890000000
1958	-3.2434216561939251
1959	-6.2445502959227479
1960	-2.4891458620678475
1961	-0.79919217439167234
1962	-4.0120370810464108
1963	-3.2919822328686941
1964	-2.1522865694577025
1965	-6.4070327330854600
1966	-3.3934797486961479
1967	-6.3547765974712558
1968	-1.2544468519437801
1969	-3.6850959236983369
1970	-2.2615673321702903
1971	-11.480100546835201
1972	-2.9447518353068189
1973	-0.64335811625284833
1974	-7.4560636604185833
1975	-1.1059689260900334
1976	-3.9969796641222697
1977	-2.1283004747035283
1978	-4.0543889772809667
1979	-2.5378820257853336
1980	-1.7719959005406256
1981	-1.6438786525409825
1982	-1.9674318578013268
1983	-2.1092779894715523
1984	-1.6178746330624802
1985	-0.66945085662557746
1986	-2.0370507719077469
1987	-0.72057866359182743
1988	-1.1418047752346387
1989	-0.62038696299602059
1990	-1.9166692729716308
1991	-1.8562779285971756
1992	0.44399966383306300
1993	-1.2178773382818164
1994	-3.4379671680816299
1995	-6.9404045531038729
1996	-4.1025235627656196
1997	-8.7523961535372230E-002
1998	-3.2500771461241698
1999	-7.4616681764464898
2000	-2.6861070650136880
2001	0.13465847901765748
2002	-2.2731433030601025
2003	-2.4912655113690585
2004	-2.6672393748497658
2005	-3.9827649470501214E-002
2006	-1.9555512169933724
2007	-1.3488338730268223
2008	-0.96683708415439629
2009	-1.1662786733662420
2010	0.10406035726491414
2011	-1.0257037132692428
2012	-2.9020720777098035
2013	-4.3105360220052154
2014	-1.9370954048275002
2015	-1.3120126810615105
cpt:field=undefined, cpt:climit=upper (95.%), cpt:nrow=58, cpt:ncol=1, cpt:row=T, cpt:col=station, cpt:units=none, cpt:missing=-999.00000000000000               
	03.0
cpt:Y	33.008157699999998
cpt:X	-100.18065890000000
1958	5.7415567055358743
1959	2.9103082050433695
1960	6.3379815592006423
1961	8.0576692557547869
1962	4.8540200705185681
1963	5.5157463224203287
1964	6.7087273336173556
1965	2.6295024175579300
1966	5.6378987699775518
1967	2.7585087279279801
1968	7.5700677718560696
1969	5.5261651004466978
1970	6.6651456036216992
1971	-1.5076666202798368
1972	5.9414004256705386
1973	8.3493472103654600
1974	1.8571019023896094
1975	7.8202791357126440
1976	5.0446327612473674
1977	6.9492047090264473
1978	4.8188276232978673
1979	6.2980553115437941
1980	7.1029051989156642
1981	7.1906201879641234
1982	6.9869337590068525
1983	7.2148568420203461
1984	7.2611005904806847
1985	8.3497503019790411
1986	6.8792867344785336
1987	8.2292021279182777
1988	7.7584400856449554
1989	8.5455298524656698
1990	6.9083585133274470
1991	7.0336030607543831
1992	9.5116985744019598
1993	7.6347709146003577
1994	5.4113308265547060
1995	2.2731966657024572
1996	4.7375696557250953
1997	8.9676037573003384
1998	6.1279042151195160
1999	1.9684462161550345
2000	6.4308016592058106
2001	9.2233584685345367
2002	6.5307138178393007
2003	6.3658718011926227
2004	6.1567804336801366
2005	8.9273079879963895
2006	6.8505736929881476
2007	7.6406743022758681
2008	8.1039833723171846
2009	7.7037039370047653
2010	9.5547674093202062
2011	8.3613098927009482
2012	5.9469463356654089
2013	4.6053170772877783
2014	6.8918184264708025
2015	7.9727684101048411
