xmlns:cpt=http://iri.columbia.edu/CPT/v10/
cpt:nfields=1
cpt:field=X_scores, cpt:nrow=58, cpt:ncol=4, cpt:row=T, cpt:col=index 
	1	2	3	4
1958	1.2778127245536117	2.4005079215671974	-0.41232881232223784	-3.4885952093773737E-002
1959	1.7441342034414720	0.63436514296293600	-6.7265672034181836E-002	-0.52987593228315977
1960	3.0123034725892741	0.50565647044254503	-0.13435749649762049	-0.88459214077009074
1961	3.0248277817013203	-1.3277624131871595	-1.0481013397903245	-0.31106705442836874
1962	2.6592225715641260	-1.2866147916266308	-0.58071766681907755	0.97318326116109233
1963	1.4793949664504240	0.49758189142158371	1.0164243778208066	-0.52835769417959377
1964	3.3538640119675591	-0.32018158685109244	-0.62377885203943251	-2.6921268415573754E-002
1965	-2.6343506160150429	0.55026140978929916	1.3560120780068652	6.9060023393830688E-002
1966	-1.4555346338705917	1.0803268717920198	-0.45886747621826740	-1.2656564116718922
1967	2.2201694851099605	3.3462404605325277E-002	0.50570493315844089	-0.43443672410193085
1968	1.3802763845255086	7.0585180691227975E-002	0.36559400697513400	-1.2224864794901480
1969	1.5486198454262183	2.1583125828809910	-3.6527271391711011E-002	0.33715024936692090
1970	2.1503001424277839	0.53066713353209649	-2.8856659914385085E-002	-0.33600846453050459
1971	2.2719796901402933	0.84057457396802127	1.2043849941510620	-0.95478707169941690
1972	-3.6673378233555525	-0.74118021238766041	-4.5695983114093751E-002	1.2267069071933678
1973	0.79845802278479583	5.3849924780498992E-002	-0.89290443966722277	-0.44960708945369637
1974	0.36245720372050982	-1.2477709765900471	0.77154082973422655	0.24347252670975225
1975	1.0190375351500640	-0.55659705930037673	0.86877650815405405	0.49504327915672608
1976	-0.21128884907206041	-0.60238913225889412	0.37160384161973337	-0.58435681390689387
1977	-1.7688696983037095	0.16463761967219501	0.12362587576516039	-9.3289469126075233E-002
1978	3.9699519423572909	1.4731915892214236	0.13084761276141366	4.8897357046255301E-002
1979	0.55817768439146020	1.3621260120567174	-1.1722223022123179	0.46283820046442503
1980	-1.2646270803465613	1.4775237401807042	0.39522260694538791	-0.16840410385991211
1981	1.9610093105753561	-4.3381136219086909E-002	0.75279584452255655	1.0522732744513739
1982	-1.1383968862463523	0.22899646227702422	1.8066959638785562	0.14063225384413225
1983	-5.1026986523508624	1.6173746587658668	-0.73779298704188390	0.66784203596237357
1984	-8.6058330635783026E-002	-2.4638291531771133	-1.3934145488911851	-0.49117174734690200
1985	-1.4377943637817387	-0.16863002473874353	1.5006811733490275	-0.72415285578195088
1986	-5.6475099119160541	-1.5331141640793331	0.92393354141886219	-0.90040447843222127
1987	-8.5255113088569505	1.5295826479512762	-0.65663699440811130	-0.33424799575724923
1988	1.0259232182445690	-0.63681318452745561	-0.25837960594583465	-0.44323712974702367
1989	9.9564995783091498E-002	-2.2418462786448985	0.14694119868173969	-0.18854914140831114
1990	-0.18358287451642979	-0.28311003834951010	0.15154046767530402	-4.2576839648292676E-004
1991	-3.0834579304365453	-0.28549814615055613	-0.48779356940893548	0.70975782341058602
1992	-11.912525175777699	0.35852721098992418	0.11317176463633814	0.62220084471349590
1993	-2.2246410731335264	0.93419773300207309	-1.3218258456555565	-0.89016271825107696
1994	-5.9281412152335902	-1.2067917688745067	1.1455111740220549	5.8403068480215398E-002
1995	-1.6243741880218152	0.23550540531244465	0.30146427153590394	0.35378876385875474
1996	2.4094454121474218	-1.5233703772538287	-1.4664983385220598	-0.53338919312623490
1997	1.0382969336369685	0.65140273543167859	-1.5654141086766968E-002	0.50805293604464030
1998	-2.3566018110991340	-2.7098518956417416E-002	-2.4767987526868529	0.54499648689343028
1999	2.3488681681531918	-0.68981892973103087	1.4822003280770255	0.69799552463442516
2000	3.0019271039637956	-0.40467317240706097	0.60421042483358489	-7.4491079627383383E-002
2001	-2.3231565685598281	-1.7884332588565321	0.19314241997819837	-0.22363709394591760
2002	-0.15424809695984079	-0.27001256461587192	-0.44554854399680027	0.44773092936621572
2003	-4.0330130726410838	-1.4015638174944041	-1.1222699571833030	0.13930555821234411
2004	2.6947920532496341	0.53130679612752485	-0.76168981385201084	0.30319583774979403
2005	2.9644983991687472	0.76461566993524022	-1.0660319180167088	-0.53318282076609447
2006	3.3289702227233442	0.56728462519114298	0.91569114679910901	0.18676046477284722
2007	1.1872586351201788	0.93367297230465129	0.29834948086762880	0.37650144964952637
2008	3.7017712015216100	-0.65409339283832157	1.1473863731935983	1.0386489324846446
2009	0.54399764800850359	-0.35574508878781008	-0.61974492864115871	-0.31051280650921453
2010	1.9731309784693465	0.98060621501866729	-0.10771282929742622	2.0953058840101844
2011	4.2527702973788886	-1.3073862079661152	-0.52973925278244516	0.47942612206620616
2012	1.1774063111382302	-0.28073853018720896	-0.27998392231707120	0.56434747734332358
2013	3.1485568531757404	0.52605391590931461	-0.32655388094252030	-0.31510408517153565
2014	-0.47473825806845948	-0.86421990755353251	0.33439876989397133	-0.32687103462237388
2015	-2.4507169915565843	0.81990631582864493	0.64784179424311272	-0.72924485353586443
