xmlns:cpt=http://iri.columbia.edu/CPT/v10/
cpt:nfields=3
cpt:field=undefined_prob_B, cpt:nrow=28, cpt:ncol=1, cpt:row=T, cpt:col=station, cpt:units=%, cpt:missing=-999.00000000000000               
	10.0
cpt:Y	33.008157699999998
cpt:X	-100.18065890000000
1983	29.748564081470931
1984	21.380201474843105
1985	23.312527092375532
1986	23.221360162213216
1987	35.353571965010687
1988	23.382267790426113
1989	20.085689673973192
1990	44.051871522622513
1991	39.617556332402117
1992	20.135167175128359
1993	30.017000804452508
1994	37.337492667261905
1995	36.642992411413879
1996	23.357651567035504
1997	44.845403732363742
1998	45.339811581349089
1999	27.399719350142007
2000	35.307542652351245
2001	32.236191768722435
2002	31.312885957085712
2003	39.010938967869670
2004	32.190679817442657
2005	30.373786539433226
2006	16.905658884869737
2007	32.424710042348352
2008	24.994671550372033
2009	50.600831226319556
2010	32.639232459847278
cpt:field=undefined_prob_N, cpt:nrow=28, cpt:ncol=1, cpt:row=T, cpt:col=station, cpt:units=%, cpt:missing=-999.00000000000000               
	10.0
cpt:Y	33.008157699999998
cpt:X	-100.18065890000000
1983	26.660643435538390
1984	28.755572971450327
1985	29.740347068676336
1986	29.230153104697948
1987	30.965016045986381
1988	29.154614218606149
1989	27.934645020387030
1990	29.652201319933493
1991	29.664258116208508
1992	26.812612099072147
1993	30.740626700115065
1994	31.364139143169179
1995	30.200110984739162
1996	29.763783600315143
1997	27.503865272849566
1998	26.672388045551784
1999	31.083214556536824
2000	29.789550216449157
2001	31.737894724540531
2002	31.654144092991402
2003	30.250585046483994
2004	31.616770476884241
2005	31.395951022243196
2006	25.194239571986309
2007	30.348907340604306
2008	29.829842113665009
2009	27.368589458933446
2010	30.125669116936912
cpt:field=undefined_prob_A, cpt:nrow=28, cpt:ncol=1, cpt:row=T, cpt:col=station, cpt:units=%, cpt:missing=-999.00000000000000               
	10.0
cpt:Y	33.008157699999998
cpt:X	-100.18065890000000
1983	43.590792482990679
1984	49.864225553706568
1985	46.947125838948132
1986	47.548486733088836
1987	33.681411989002932
1988	47.463117990967739
1989	51.979665305639777
1990	26.295927157443995
1991	30.718185551389375
1992	53.052220725799494
1993	39.242372495432427
1994	31.298368189568915
1995	33.156896603846960
1996	46.878564832649353
1997	27.650730994786691
1998	27.987800373099127
1999	41.517066093321169
2000	34.902907131199598
2001	36.025913506737034
2002	37.032969949922887
2003	30.738475985646335
2004	36.192549705673102
2005	38.230262438323578
2006	57.900101543143954
2007	37.226382617047342
2008	45.175486335962958
2009	22.030579314746998
2010	37.235098423215810
