xmlns:cpt=http://iri.columbia.edu/CPT/v10/
cpt:nfields=2
cpt:field=undefined, cpt:climit=lower (95.%), cpt:nrow=58, cpt:ncol=1, cpt:row=T, cpt:col=station, cpt:units=none, cpt:missing=-999.00000000000000               
	06.0
cpt:Y	33.008157699999998
cpt:X	-100.18065890000000
1958	1.3647691291649910
1959	1.0476138781106301
1960	0.85213572276400473
1961	-0.32667096865235479
1962	-5.5483199874815092E-003
1963	1.5330001669018070
1964	0.27599256397093175
1965	2.0037007760394623
1966	1.2326048501278488
1967	1.0877039420452275
1968	1.1118572850784383
1969	1.4847362515734734
1970	0.99740293615807074
1971	1.6420930162663026
1972	0.98638542744120361
1973	0.49235457803102722
1974	0.88959902483754050
1975	1.1479687729389685
1976	1.0080235757143869
1977	1.2759132051771993
1978	1.1665465875029892
1979	0.74370333186710491
1980	1.7605965218769462
1981	1.1972224292079794
1982	1.9656777697029422
1983	1.4419271300217038
1984	-0.76358297069982406
1985	1.7394274762885900
1986	1.2233727634329274
1987	1.6019472681429590
1988	0.57683477727516275
1989	0.18308570905497179
1990	1.0169280315629949
1991	0.88736206536528828
1992	1.7371078932712836
1993	0.74276469046683236
1994	1.4653584362824366
1995	1.3759494215172650
1996	-0.60435707193252508
1997	1.1421129779346195
1998	-0.31797590379289087
1999	1.2260544883050262
2000	0.90243857615239476
2001	0.58992465525099291
2002	0.70988611660126777
2003	0.14493065473014122
2004	0.55030784317276193
2005	0.41798433284008318
2006	1.3356176554650090
2007	1.3680806745602592
2008	0.97317765022267810
2009	0.52588863881153225
2010	1.1086186126421960
2011	-0.14821094211308727
2012	0.68340029632332611
2013	0.74399511176481070
2014	0.91043859139911998
2015	1.7758246073651272
cpt:field=undefined, cpt:climit=upper (95.%), cpt:nrow=58, cpt:ncol=1, cpt:row=T, cpt:col=station, cpt:units=none, cpt:missing=-999.00000000000000               
	06.0
cpt:Y	33.008157699999998
cpt:X	-100.18065890000000
1958	9.0593137395162344
1959	8.4401401963462988
1960	8.2753909093040399
1961	7.2721357690117827
1962	7.5106236356885177
1963	8.9993222238455122
1964	7.7358654515471867
1965	9.5704701736513869
1966	8.6800098763176408
1967	8.4909729552044251
1968	8.4858404998786572
1969	9.1097462666186644
1970	8.3927304186076039
1971	9.1876493883007573
1972	8.4520718393803556
1973	7.9151659527133882
1974	8.3791211247268631
1975	8.5869089701550134
1976	8.3909282053517948
1977	8.6486773200604237
1978	8.7378380053312643
1979	8.3165011721557729
1980	9.2569490657302520
1981	8.6203545077239561
1982	9.6031466706382069
1983	9.1439366096436974
1984	7.0824485971532045
1985	9.2957698547922991
1986	8.9716683722060324
1987	9.5569743046443207
1988	7.9623672327921167
1989	7.8153548983998178
1990	8.3738299855864753
1991	8.3223167361887835
1992	9.9431426218614902
1993	8.3210822555210946
1994	9.2224835381633756
1995	8.7537329634710979
1996	7.0918704639027270
1997	8.5231537651502141
1998	7.5766883959085520
1999	8.8236060968404608
2000	8.3497505467580044
2001	8.1560124896719692
2002	8.0814387234544753
2003	7.8114681036311726
2004	8.0116600515447995
2005	7.9527076642144969
2006	8.8447896297842217
2007	8.7840751507050339
2008	8.5445981495778618
2009	7.9181392884182280
2010	8.5386024747273517
2011	7.4339947445654850
2012	8.0535390213349842
2013	8.1812480038304631
2014	8.3139197171309576
2015	9.2375384990737039
