xmlns:cpt=http://iri.columbia.edu/CPT/v10/
cpt:nfields=1
cpt:field=X_scores, cpt:nrow=28, cpt:ncol=4, cpt:row=T, cpt:col=index 
	1	2	3	4
1983	-2.2696805557349093	-0.26954220996843309	-0.76126243926812087	-1.8823029007410337
1984	1.1893864066383946	-1.3020780291577554	1.1772256685647111	-0.82204114147825336
1985	-2.1428006711795549	-4.6168238886116444E-002	-0.35527050044841590	-0.94515176846577720
1986	-2.2586678091987409	-0.28388153587360460	1.6334533374937892	1.1140168736506475
1987	-0.40181395168226758	-1.9011667309728195	2.3744587842153795	0.95480286191261721
1988	-1.6563475015835849	-1.6231227043277188	3.3382171809274566E-002	-0.30027149231646033
1989	-2.9086418517285715	0.55435375563356615	3.3051823668404008E-003	0.16467590997712780
1990	-4.2219994031796775	2.6752363844617917	-0.49088745945454820	1.2462229549639334
1991	2.3382668051740683	0.37705006445987566	8.8205169864151112E-002	-0.63082009342230561
1992	-3.1724687203564539	0.35716474672481013	0.58541112607893653	-0.33168481992895532
1993	-4.2914928884612120	0.31608853995804315	0.50017929023876762	-0.34724318183838643
1994	-2.7484960413724764	-2.6298204956464630	-1.8326017909135135	1.3521702705715318E-002
1995	3.0546385528396165	-0.37753825562333282	0.73860564337432810	-0.32904709210732858
1996	1.1178939817914246	-3.9102370612402869E-002	0.79608841980995637	-1.0483859805286253
1997	-3.8381619840148669	0.17608563526298329	0.15268580061069897	-0.24092407810367950
1998	0.85380061316104983	-2.1606287416804002	-2.5281633886644430	1.6414225035766201
1999	6.2699368465321825	-3.2589250574972126E-002	0.21454860992683589	0.35614323678359183
2000	1.5841627944277989	-5.0780942266206650E-002	-1.0171285758613060	-1.1695118580915282
2001	-0.86769558433025740	-0.27795649831672409	0.54594310997100470	0.94375830279953321
2002	-0.70096524641610414	0.80974768324553625	-0.69457487254487515	0.37197165417063610
2003	-1.3509514473276094	0.62818945443404661	-0.38426720051054192	-0.17120623656116329
2004	-2.5309709129876086	0.58663811479763839	0.56073238471762732	-0.11933165335422510
2005	4.3156292552709346	0.37367249226956872	0.96069207104321441	0.14232485955591140
2006	1.1955128516070106	1.0040964529245167	-0.52309432025738767	1.0986859971673246
2007	2.1748707627462203	1.5740875696583596	-0.84092046630600992	-0.55412822163433362
2008	5.5480851419778903	-6.9807193231747680E-002	-0.11642480637414596	0.34069602157370904
2009	0.99549805237291589	0.76800159950642077	-0.29174750789603826	0.85368735867617107
2010	4.7234725050104487	0.86377070380016852	-0.52857344158596054	-0.34987971894489750
