xmlns:cpt=http://iri.columbia.edu/CPT/v10/
cpt:nfields=3
cpt:field=undefined_relodds_B, cpt:nrow=58, cpt:ncol=1, cpt:row=T, cpt:col=station, cpt:missing=-999.00000000000000               
	05.0
cpt:Y	33.008157699999998
cpt:X	-100.18065890000000
1958	0.68202964472057359
1959	1.2265747818908637
1960	1.5330694506628186
1961	1.7740737512922313
1962	2.0825178304440057
1963	1.3597134240689266
1964	2.8806817929095185
1965	0.54838205608456903
1966	0.64231307661496351
1967	1.9759634759863862
1968	1.5812968291628202
1969	0.90928946530521659
1970	1.6634000901921040
1971	2.2003828077795222
1972	0.71426528225631358
1973	1.2802701481058616
1974	1.9664389506748425
1975	1.6771882997772107
1976	1.3280560140279047
1977	1.1920598626880019
1978	1.6342369783916098
1979	0.82046593436812132
1980	0.90240562512671485
1981	2.3109962857876178
1982	1.0511833543739890
1983	0.36255394984217754
1984	1.7182187086407172
1985	1.3585422047754885
1986	0.72364417860157393
1987	0.21921786979225660
1988	1.9786534406669034
1989	1.9557275111216617
1990	1.0623616616756113
1991	0.65630791364568108
1992	0.14725709258982719
1993	0.49175170511886768
1994	0.62632495015277279
1995	1.1342674723537012
1996	2.0303604020077062
1997	0.94289679844435659
1998	0.51349875332815698
1999	4.8305512921555032
2000	3.2956373797789622
2001	1.3155490879422937
2002	0.89873496405011577
2003	0.76612961097331989
2004	1.5400718955401793
2005	0.88026509455730817
2006	1.8747007457275238
2007	1.2837327770390794
2008	3.9283639043702734
2009	1.2753665490697208
2010	1.6813518771701430
2011	2.9544574318292818
2012	1.3368731435449328
2013	1.7123499446677166
2014	1.6262009302711957
2015	0.54004732690685431
cpt:field=undefined_relodds_N, cpt:nrow=58, cpt:ncol=1, cpt:row=T, cpt:col=station, cpt:missing=-999.00000000000000               
	05.0
cpt:Y	33.008157699999998
cpt:X	-100.18065890000000
1958	0.83193887632348928
1959	0.87811812017369062
1960	0.85049447540234002
1961	0.82004315960278373
1962	0.77727989004666442
1963	0.86838374360053860
1964	0.67037271100357787
1965	0.77763900008336562
1966	0.81856174719870600
1967	0.79223690466094965
1968	0.84479421612196093
1969	0.87544886596881066
1970	0.83457754643904980
1971	0.76073915484988786
1972	0.84131524040861305
1973	0.87472180683208323
1974	0.79356940264520526
1975	0.83280863651782244
1976	0.87107940126442640
1977	0.87985874171001344
1978	0.83827189375297217
1979	0.86415113467951765
1980	0.87478787143194148
1981	0.74533928815754902
1982	0.88250362612317457
1983	0.64534230734970877
1984	0.82746902096596242
1985	0.86848718784199785
1986	0.84381122908829720
1987	0.47441781997380189
1988	0.79186036927449421
1989	0.79506649340036872
1990	0.88259725174886938
1991	0.82351708037281002
1992	0.35496935601782881
1993	0.74552111746048344
1994	0.81256278577487517
1995	0.88188476929610693
1996	0.78460894883271082
1997	0.87821156654222143
1998	0.75859398616240148
1999	0.48423599141589307
2000	0.62180380074495734
2001	0.87208444411836150
2002	0.87442167031096207
2003	0.85390020085649654
2004	0.84968270823532499
2005	0.87243024832351790
2006	0.80632354889981328
2007	0.87447642496042233
2008	0.55775564286336055
2009	0.87506409038314237
2010	0.83227184421567091
2011	0.66134410916916364
2012	0.87035001098665232
2013	0.82823927841523093
2014	0.83927792438760995
2015	0.77329502827645014
cpt:field=undefined_relodds_A, cpt:nrow=58, cpt:ncol=1, cpt:row=T, cpt:col=station, cpt:missing=-999.00000000000000               
	05.0
cpt:Y	33.008157699999998
cpt:X	-100.18065890000000
1958	1.6491945005684954
1959	0.91864655540375595
1960	0.73116836194739665
1961	0.62860569812645883
1962	0.53171874312190393
1963	0.82703750539850496
1964	0.37738046954189558
1965	2.0391608920197557
1966	1.7487886851834265
1967	0.56178490799950487
1968	0.70817567184058283
1969	1.2414735355060853
1970	0.67205862368884906
1971	0.50184744546689031
1972	1.5761990884491626
1973	0.87946021445769662
1974	0.56463053686770148
1975	0.66633575610331264
1976	0.84719210214396989
1977	0.94565201146415756
1978	0.68447717415199927
1979	1.3749001224366504
1980	1.2509069418770355
1981	0.47658784669144666
1982	1.0737295440066599
1983	3.0325522755893366
1984	0.64984320798912409
1985	0.82776677452621428
1986	1.5561363624266413
1987	4.8844290275746740
1988	0.56098617454814181
1989	0.56786376559505825
1990	1.0623625703845185
1991	1.7123740737552502
1992	7.1194608326419386
1993	2.2653686209794315
1994	1.7923004566826082
1995	0.99445086666372606
1996	0.54604277033917725
1997	1.1973318592369850
1998	2.1728443492706622
1999	0.21699658359309254
2000	0.32694225514093189
2001	0.85541610642310806
2002	1.2559941533710894
2003	1.4711813027071230
2004	0.72774189388294319
2005	1.2822131460969217
2006	0.59351264298888440
2007	0.87704312937460860
2008	0.27091242932613707
2009	0.88290510238702680
2010	0.66462588025970770
2011	0.36735939694453834
2012	0.84148483807069430
2013	0.65215429057783469
2014	0.68797646200960427
2015	2.0695958724480272
