xmlns:cpt=http://iri.columbia.edu/CPT/v10/
cpt:nfields=1
cpt:field=X_scores, cpt:nrow=28, cpt:ncol=4, cpt:row=T, cpt:col=index 
	1	2	3	4
1983	-4.7834230775379663	-1.9808107371017447	0.57491741047148093	1.1879571405887686
1984	-0.29203853657749657	-0.91387992015940067	0.65988338571795502	-0.65701279384427358
1985	4.2201461727107814	0.10502359443723695	1.7418136709166352	0.47657320637859030
1986	0.69396612912759936	-1.1067962802452371	0.59254840088223215	-0.58256948181071710
1987	-1.5915445688062981	1.2850918531252964	0.54949586089605740	-0.38200790521829991
1988	-0.38935910795054313	1.1775777542202939	-0.34225034464387505	1.2994512001242009
1989	2.3526022941095572	-0.78191723166571570	-0.58412063306991358	0.37324320809159939
1990	-0.63576616062296820	0.36834360432053731	0.28576122868489684	0.35717733812291513
1991	0.96139289561680097	-1.2352845884379393	1.0031447258236752	-0.77176024604994076
1992	-6.1927205807416748	1.8335735128498174	0.34963917207108436	4.5973746481469166E-002
1993	-1.7183807885021094	-1.4393911709527771	0.58579678399412338	-1.5136005586028549
1994	-1.8627811700537009	-1.1007291323348705	-1.4890670375294934	-0.36966307716515784
1995	-1.0628635241038462	-0.12305156721885384	-2.0670685170504961	-0.72840604727396752
1996	1.7306686993376448	-1.2927747664508711	-0.61969409046166291	0.30033539801954806
1997	-1.0970691591228625	-0.21250511865912600	-0.24781302840571373	-1.0254005609745185
1998	-4.0416504379637042	-3.2474861399961394	-0.20865700213583463	1.5246513776537751
1999	4.7738882510656362	-0.44730765905883424	-0.97099100128281890	0.54743654904230077
2000	6.2688092928461172	-0.36883327852258041	-1.4264418607075569	0.49322680607614955
2001	0.81661940676754075	4.9859582635666130E-002	1.2073727899675271	0.56541354210315031
2002	-0.86047754322136172	-1.5791619292788510	-0.21596304199459490	-0.96771015898556167
2003	-4.2317912538784972	2.3033868314478148	-0.81524379847015882	0.62414949370807615
2004	0.56552680253312437	0.38228824932726729	-1.0517432568030067	-1.0053662435866808
2005	-1.3891286177442801	1.3809528588549442	1.0840437415238835	-0.70228010848125155
2006	1.3762243366197864	2.8013646123059233	-0.19105948503863529	-0.53527191113724026
2007	-2.8044082504588714	0.93611182284537819	0.20769509904271144	0.58336807325464679
2008	4.8545688397924973	0.41618344016644554	0.85721697435898059	0.20796686426275024
2009	3.1295245848777484	-0.10430659707821326	0.92204619894906914	0.21739709123562748
2010	1.2094650718831466	2.8944784006264177	-0.39126234570660634	0.43672805798680037
