xmlns:cpt=http://iri.columbia.edu/CPT/v10/
cpt:nfields=3
cpt:field=undefined_prob_B, cpt:nrow=28, cpt:ncol=1, cpt:row=T, cpt:col=station, cpt:units=%, cpt:missing=-999.00000000000000               
	05.0
cpt:Y	33.008157699999998
cpt:X	-100.18065890000000
1983	24.946032951728142
1984	58.959743353165244
1985	37.503087291435556
1986	34.645342992803421
1987	21.295343589515753
1988	36.631127264746702
1989	55.116160359596314
1990	22.040449779131421
1991	44.059267108140588
1992	16.360756991964294
1993	39.648223049648045
1994	42.727163147159018
1995	62.495240243116427
1996	65.058148364067051
1997	21.156623702155883
1998	29.516406504252870
1999	72.801666228693477
2000	50.211313403920641
2001	38.721147071065566
2002	46.415413894218773
2003	38.605848083314996
2004	36.009257223230094
2005	28.352988875987279
2006	39.691866804037360
2007	27.011674093178200
2008	45.824354051799631
2009	58.511278563772692
2010	31.764622914917368
cpt:field=undefined_prob_N, cpt:nrow=28, cpt:ncol=1, cpt:row=T, cpt:col=station, cpt:units=%, cpt:missing=-999.00000000000000               
	05.0
cpt:Y	33.008157699999998
cpt:X	-100.18065890000000
1983	25.437031892816343
1984	23.985859894723660
1985	28.197829138053308
1986	28.828213759002075
1987	25.778347901598913
1988	29.331755182267671
1989	25.381179282956598
1990	26.304105392922338
1991	28.117095229516007
1992	22.307113500254530
1993	28.775104095066911
1994	28.042285271298425
1995	21.169558693454711
1996	21.158240876340212
1997	25.904312294611955
1998	28.094135229939404
1999	17.248374149350475
2000	26.215771325443828
2001	28.563996111582846
2002	27.883439119526059
2003	29.068092643232404
2004	28.291770715480240
2005	28.621469374761055
2006	29.264300634824455
2007	27.499336007976069
2008	27.427343324033682
2009	23.773974757566560
2010	23.212659947752549
cpt:field=undefined_prob_A, cpt:nrow=28, cpt:ncol=1, cpt:row=T, cpt:col=station, cpt:units=%, cpt:missing=-999.00000000000000               
	05.0
cpt:Y	33.008157699999998
cpt:X	-100.18065890000000
1983	49.616935155455515
1984	17.054396752111096
1985	34.299083570511137
1986	36.526443248194504
1987	52.926308508885334
1988	34.037117552985627
1989	19.502660357447088
1990	51.655444827946241
1991	27.823637662343405
1992	61.332129507781175
1993	31.576672855285043
1994	29.230551581542557
1995	16.335201063428862
1996	13.783610759592730
1997	52.939064003232161
1998	42.389458265807725
1999	9.9499596219560491
2000	23.572915270635530
2001	32.714856817351588
2002	25.701146986255168
2003	32.326059273452600
2004	35.698972061289666
2005	43.025541749251666
2006	31.043832561138185
2007	45.488989898845730
2008	26.748302624166687
2009	17.714746678660749
2010	45.022717137330083
