xmlns:cpt=http://iri.columbia.edu/CPT/v10/
cpt:nfields=3
cpt:field=undefined_prob_B, cpt:nrow=58, cpt:ncol=1, cpt:row=T, cpt:col=station, cpt:units=%, cpt:missing=-999.00000000000000               
	06.0
cpt:Y	33.008157699999998
cpt:X	-100.18065890000000
1958	24.777326217439423
1959	37.099328341889645
1960	37.291377088629488
1961	60.003501518754938
1962	53.918153723492367
1963	21.054657315085905
1964	55.133727940556902
1965	11.985784897019869
1966	22.188112506992240
1967	28.688917734965614
1968	23.805137947952417
1969	25.243199155639701
1970	31.998060469400684
1971	18.281886542336821
1972	42.115396423758213
1973	45.051211659581803
1974	33.353424261221775
1975	31.243721625294427
1976	38.949789391464094
1977	22.720126134913528
1978	30.062570460224762
1979	33.909415636248397
1980	25.685371629925129
1981	33.610204878982600
1982	27.102525932057503
1983	38.195155674721917
1984	67.225700683598191
1985	20.255758438585886
1986	24.446250230425875
1987	37.610215825492645
1988	34.840161535381029
1989	47.714328092059311
1990	38.287150404353518
1991	41.777500214310280
1992	30.661856560860372
1993	40.919104324679346
1994	27.536255060966866
1995	28.424517062080795
1996	65.363818088446337
1997	33.249517027809247
1998	73.689272556553163
1999	32.443662213062495
2000	45.431202832477865
2001	42.623785821461844
2002	36.951586200264764
2003	58.539188070668722
2004	38.372648669782727
2005	48.384084446480259
2006	49.251825085735803
2007	28.309449597893916
2008	41.663509347087412
2009	53.222308243847039
2010	43.705081242287513
2011	69.023518438069360
2012	55.634164189703462
2013	45.376902741624711
2014	34.056410716427493
2015	25.972584103910123
cpt:field=undefined_prob_N, cpt:nrow=58, cpt:ncol=1, cpt:row=T, cpt:col=station, cpt:units=%, cpt:missing=-999.00000000000000               
	06.0
cpt:Y	33.008157699999998
cpt:X	-100.18065890000000
1958	26.505455180742267
1959	28.768188917719947
1960	28.733750572252752
1961	23.329538269843251
1962	25.477779126411729
1963	25.802123733169019
1964	25.047480604922896
1965	19.662872510102929
1966	25.894985640792868
1967	28.005108080559744
1968	26.476467173377678
1969	26.661929520569352
1970	28.552868394094830
1971	24.363338246521081
1972	28.052172000938594
1973	27.571535907974255
1974	28.388860872474439
1975	28.082727346106545
1976	28.500446710822345
1977	26.306286300245681
1978	28.184246485103685
1979	28.563458408049549
1980	27.121949468152394
1981	28.557056285258319
1982	26.325846028980955
1983	26.939221598036056
1984	19.845572378693433
1985	25.129156156379423
1986	26.502204376866032
1987	26.439668667100477
1988	28.251799810746135
1989	26.486685099829458
1990	28.777118045804322
1991	28.441505938041324
1992	25.417914241318272
1993	27.166744216363362
1994	27.831002764447476
1995	28.207835197697847
1996	20.943469618659954
1997	28.681653269910498
1998	16.776392508204275
1999	27.319323979049543
2000	27.141387205340955
2001	27.534429570398395
2002	28.356222120043071
2003	24.080087751996661
2004	28.133273278296429
2005	26.825837276663410
2006	25.513177740938378
2007	27.722131815561163
2008	27.354773260561267
2009	25.978063281272529
2010	26.950085281558696
2011	19.436205869023766
2012	24.760217567283767
2013	27.647347594921182
2014	28.517989166878472
2015	27.267125712454465
cpt:field=undefined_prob_A, cpt:nrow=58, cpt:ncol=1, cpt:row=T, cpt:col=station, cpt:units=%, cpt:missing=-999.00000000000000               
	06.0
cpt:Y	33.008157699999998
cpt:X	-100.18065890000000
1958	48.717218601818310
1959	34.132482740390408
1960	33.974872339117759
1961	16.666960211401811
1962	20.604067150095904
1963	53.143218951745077
1964	19.818791454520202
1965	68.351342592877202
1966	51.916901852214892
1967	43.305974184474643
1968	49.718394878669905
1969	48.094871323790947
1970	39.449071136504486
1971	57.354775211142098
1972	29.832431575303193
1973	27.377252432443942
1974	38.257714866303786
1975	40.673551028599029
1976	32.549763897713561
1977	50.973587564840791
1978	41.753183054671553
1979	37.527125955702054
1980	47.192678901922477
1981	37.832738835759081
1982	46.571628038961542
1983	34.865622727242027
1984	12.928726937708376
1985	54.615085405034691
1986	49.051545392708093
1987	35.950115507406878
1988	36.908038653872836
1989	25.798986808111231
1990	32.935731549842160
1991	29.780993847648396
1992	43.920229197821357
1993	31.914151458957292
1994	44.632742174585658
1995	43.367647740221358
1996	13.692712292893711
1997	38.068829702280254
1998	9.5343349352425655
1999	40.237013807887962
2000	27.427409962181180
2001	29.841784608139761
2002	34.692191679692165
2003	17.380724177334617
2004	33.494078051920845
2005	24.790078276856331
2006	25.234997173325819
2007	43.968418586544921
2008	30.981717392351321
2009	20.799628474880432
2010	29.344833476153791
2011	11.540275692906874
2012	19.605618243012771
2013	26.975749663454106
2014	37.425600116694035
2015	46.760290183635412
