xmlns:cpt=http://iri.columbia.edu/CPT/v10/
cpt:nfields=3
cpt:field=undefined_relodds_B, cpt:nrow=58, cpt:ncol=1, cpt:row=T, cpt:col=station, cpt:missing=-999.00000000000000               
	02.0
cpt:Y	33.008157699999998
cpt:X	-100.18065890000000
1958	1.4293578950546517
1959	4.3741212782766796
1960	1.2786894371614936
1961	0.91993069133689043
1962	5.5692208541085231
1963	2.5076011774872815
1964	3.2819354984718800
1965	23.620822227720513
1966	1.3709109693990118
1967	52.898768736476875
1968	0.53420020152795278
1969	5.5334233134086510
1970	0.49359009526424308
1971	21062.171593612980
1972	1.3777121035455260
1973	0.29187022081203223
1974	64.791373535770148
1975	1.3877006612263751
1976	3.9863430461946652
1977	0.57548836959376481
1978	3367.5777134449936
1979	1.3169993608481998
1980	1.3187184105224714
1981	0.54448190932738816
1982	1.1623237243440576
1983	0.41314881975829698
1984	0.71959075610957890
1985	0.56193114120526277
1986	0.87569888692498710
1987	0.26628834592577422
1988	0.99493798013080148
1989	4.3263182979132795
1990	0.58166131252587705
1991	0.73425884858805945
1992	7.4469803751175068E-002
1993	0.65889377310691366
1994	3.4936623190086875
1995	6.0908815198101749
1996	4.1212059899469224
1997	1.0286091502895847
1998	1.4617510097966318
1999	10.312697263144173
2000	20.580025238503669
2001	0.39023232690890824
2002	1.6744676981407649
2003	0.33166629694501104
2004	2.4029393784643536
2005	0.12049127426302700
2006	0.57619570935311903
2007	0.29640225588447405
2008	1.3844278868265953
2009	0.92100172564572291
2010	0.74885516293538623
2011	1.7762478590970290
2012	3.7720156389400636
2013	2.8439480648522042
2014	1.0374575004456874
2015	0.28575559230431152
cpt:field=undefined_relodds_N, cpt:nrow=58, cpt:ncol=1, cpt:row=T, cpt:col=station, cpt:missing=-999.00000000000000               
	02.0
cpt:Y	33.008157699999998
cpt:X	-100.18065890000000
1958	0.79669215887371703
1959	0.50125776056326499
1960	0.82613293531987919
1961	0.79008030587514544
1962	0.42274744233324224
1963	0.69400743540091814
1964	0.60419258890435867
1965	0.13087408468167513
1966	0.80334512208554565
1967	6.1497897257382930E-002
1968	0.72444149532761026
1969	0.43753066275906349
1970	0.70033667685561396
1971	1.6918085338900505E-004
1972	0.81462565729254277
1973	0.51926436498070805
1974	5.0389565240239131E-002
1975	0.81816826383527219
1976	0.53084494716251396
1977	0.73160124746202349
1978	1.0405188658089597E-003
1979	0.81592472612811651
1980	0.81725149519468743
1981	0.71233288978267473
1982	0.82580793634505090
1983	0.62109496110197682
1984	0.78930896365241887
1985	0.71159160060017368
1986	0.81252558874320491
1987	0.52656187764343410
1988	0.82082197291653103
1989	0.51604149924457576
1990	0.75053961470885888
1991	0.78544850366631513
1992	0.21933737752266153
1993	0.76526552407720416
1994	0.58378406637174163
1995	0.40677170290126985
1996	0.53169403984919150
1997	0.82959765940543884
1998	0.75111168214869406
1999	0.26833027140369264
2000	0.14654304565632878
2001	0.64068713003067257
2002	0.78452014992110874
2003	0.56389793432847091
2004	0.70383808646815749
2005	0.32133143598696889
2006	0.70163194588972688
2007	0.55755556957921859
2008	0.78986440627347365
2009	0.80836575546051848
2010	0.75090176381875806
2011	0.74325943224602953
2012	0.54860600093089362
2013	0.65083184521877013
2014	0.82913309216997433
2015	0.53916821233078160
cpt:field=undefined_relodds_A, cpt:nrow=58, cpt:ncol=1, cpt:row=T, cpt:col=station, cpt:missing=-999.00000000000000               
	02.0
cpt:Y	33.008157699999998
cpt:X	-100.18065890000000
1958	0.85034317967589956
1959	0.25572337024860958
1960	0.93117866995950827
1961	1.3432125826933903
1962	0.19716734528156599
1963	0.45725429613328383
1964	0.34368069312327004
1965	3.3850345555233807E-002
1966	0.88494054852416082
1967	1.3285739003477418E-002
1968	2.1955023718236282
1969	0.18815041919621478
1970	2.3735427813757721
1971	2.0729579762005166E-005
1972	0.86816827037936695
1973	3.9975824390770320
1974	1.0794712345371204E-002
1975	0.85735416098631778
1976	0.28400114694616380
1977	2.0710233706014840
1978	1.4712538645179598E-004
1979	0.91205952094665588
1980	0.90931960354766816
1981	2.1962787923008680
1982	1.0312606539463851
1983	2.8999495680302654
1984	1.6524892938010445
1985	2.1514042422831348
1986	1.3703382399858401
1987	4.1366596163167815
1988	1.2092768971267485
1989	0.24981771169183048
1990	2.0146535210265277
1991	1.6329081841925071
1992	12.844685201057999
1993	1.8127945917550530
1994	0.32049347060137556
1995	0.16962218351063268
1996	0.26428220945360587
1997	1.1604733603152615
1998	0.87654370721859287
1999	9.2356106713246122E-002
2000	4.1450707045276917E-002
2001	2.9275329381439383
2002	0.71205980003506675
2003	3.5220844991778590
2004	0.48117798517412946
2005	8.2433918644052291
2006	2.1376327536433952
2007	3.7624307917967430
2008	0.88943245397533111
2009	1.3159498384220423
2010	1.6671002213018904
2011	0.69791204531589712
2012	0.30213740658882643
2013	0.40201718363514199
2014	1.1514711764913570
2015	3.9284501558692293
