xmlns:cpt=http://iri.columbia.edu/CPT/v10/
cpt:nfields=2
cpt:field=undefined, cpt:climit=lower (95.%), cpt:nrow=28, cpt:ncol=1, cpt:row=T, cpt:col=station, cpt:units=none, cpt:missing=-999.00000000000000               
	05.0
cpt:Y	33.008157699999998
cpt:X	-100.18065890000000
1983	-0.13917258011699918
1984	-1.7592546553176729
1985	-0.10859196142332017
1986	7.1043246132656890E-002
1987	0.56241865583644390
1988	-1.1453816702145900
1989	-1.0163191766236639
1990	9.6395588372570451E-002
1991	-0.55621324854116816
1992	1.2747898814905625
1993	-0.31759232981887919
1994	-0.93037420238583746
1995	-2.8114091945327804
1996	-2.3036097919754326
1997	0.14167204550333690
1998	-0.34805499197268475
1999	-2.8036247018033436
2000	-1.2065990343299702
2001	-0.49859766701068242
2002	-0.13069427189713778
2003	-0.64307307799058577
2004	-0.32084595277037664
2005	-0.13806899550743790
2006	-0.95689533117894143
2007	-0.24290923552734522
2008	-1.4124631466213486
2009	-0.52613451812802925
2010	-0.12059296315569235
cpt:field=undefined, cpt:climit=upper (95.%), cpt:nrow=28, cpt:ncol=1, cpt:row=T, cpt:col=station, cpt:units=none, cpt:missing=-999.00000000000000               
	05.0
cpt:Y	33.008157699999998
cpt:X	-100.18065890000000
1983	8.8310313443719686
1984	7.1469871831821781
1985	8.7478006154802230
1986	8.7812219840215491
1987	9.7886311965374588
1988	7.5866014977423273
1989	7.7082514837251672
1990	8.9350088956511939
1991	8.2104181533129488
1992	10.995221657130131
1993	8.5169402841952913
1994	7.9960016792802433
1995	6.9550740700455922
1996	6.8415929532220456
1997	8.9482991771733715
1998	8.4751410769874198
1999	6.5492437237015988
2000	7.8124961701782070
2001	8.1647381524305800
2002	8.5405807132550358
2003	8.0812449801388624
2004	8.4848787624883766
2005	8.5300530821832368
2006	7.7570617076200818
2007	8.4941005485353642
2008	7.7190015949082333
2009	8.1262024509342652
2010	8.9449501430753795
