xmlns:cpt=http://iri.columbia.edu/CPT/v10/
cpt:nfields=2
cpt:field=undefined, cpt:climit=lower (95.%), cpt:nrow=58, cpt:ncol=1, cpt:row=T, cpt:col=station, cpt:units=none, cpt:missing=-999.00000000000000               
	09.0
cpt:Y	33.008157699999998
cpt:X	-100.18065890000000
1958	-3.2732998322735014
1959	-5.0374419390150287
1960	-3.6545577214900358
1961	-4.3799851739531928
1962	-6.0377510713291365
1963	-4.0056056433586527
1964	-1.4272217603627730
1965	-1.4019586759499578
1966	-4.3340827694700721
1967	-2.9724944800992912
1968	-2.1828867461622483
1969	-3.1191625818964894
1970	-9.0839986409066604
1971	-1.1076763867613062
1972	-0.71110527590326988
1973	-3.1995742215542253
1974	-2.4744800027938707
1975	-1.4042908214689129
1976	-1.9934840673745340
1977	-5.0510819245688374
1978	-2.7417938328521529
1979	-3.0898022820388387
1980	-0.83042080427010134
1981	-3.3301595680937592
1982	-4.2735528903648667
1983	-4.8845035596678636
1984	-2.5220382021948717
1985	-1.9332575037822499
1986	-1.1401011624761832
1987	-2.1143034434580219
1988	-4.5498474591005866
1989	-5.0563215494812219
1990	-1.7094514545890958
1991	-3.5753066701689820
1992	-3.0772149704437917
1993	-2.9750266857764069
1994	-4.8767883510675460
1995	-4.2325863157542578
1996	-2.2946388391047563
1997	-6.7801986353611312
1998	-8.7381512539321022
1999	-5.2878109469534316
2000	-4.1885332985305439
2001	-5.9370311130524858
2002	-2.9102341736092150
2003	-3.7283168125292825
2004	-4.4722100754440692
2005	-2.8743501925953474
2006	-5.5781154489351037
2007	-4.7008987856597226
2008	-4.5169105395090465
2009	-4.5674449204812637
2010	-5.4155097297201493
2011	-7.7744878848295613
2012	-6.1434494379330067
2013	-4.3613368226319302
2014	-5.6264538683174123
2015	-5.9562236005637335
cpt:field=undefined, cpt:climit=upper (95.%), cpt:nrow=58, cpt:ncol=1, cpt:row=T, cpt:col=station, cpt:units=none, cpt:missing=-999.00000000000000               
	09.0
cpt:Y	33.008157699999998
cpt:X	-100.18065890000000
1958	10.977181416773011
1959	9.3456603405533034
1960	10.286985653685413
1961	9.5964099369739824
1962	8.1130175836725318
1963	9.9910210392889187
1964	12.719001750901853
1965	12.779820798125332
1966	9.6207118624835797
1967	11.166498726298142
1968	11.844349169666273
1969	10.974636194701441
1970	5.9279763880240210
1971	13.155587230691019
1972	13.609984855349525
1973	10.780445599139018
1974	11.642534773261197
1975	12.837393606245069
1976	12.206480456027581
1977	9.1226423582055816
1978	11.248557105266729
1979	10.864455370363800
1980	13.545173407845532
1981	10.629569682747332
1982	9.7521971383390937
1983	9.1165595195928155
1984	11.553660240509860
1985	12.184320182816496
1986	13.091354354016833
1987	11.934661077958420
1988	9.4191134825978633
1989	8.9660309953666086
1990	12.385241841888480
1991	10.533542815428810
1992	11.330332721983691
1993	10.978284868607783
1994	9.3349473600223085
1995	9.7719994493190132
1996	11.729214006796475
1997	7.5401750319793717
1998	6.0802231653934040
1999	8.9394008193168126
2000	9.7631537183472581
2001	8.1652963151628377
2002	11.100738540439988
2003	10.324881951625729
2004	9.4744693094307433
2005	11.472291446251212
2006	8.4807151824178764
2007	9.3237325881618176
2008	9.4339522470947266
2009	9.4065909090662494
2010	9.5110157370162174
2011	6.8008474958715563
2012	8.0185490278882305
2013	9.5866246461697049
2014	8.4189091195188794
2015	8.7511002092695378
