xmlns:cpt=http://iri.columbia.edu/CPT/v10/
cpt:nfields=3
cpt:field=undefined_prob_B, cpt:nrow=58, cpt:ncol=1, cpt:row=T, cpt:col=station, cpt:units=%, cpt:missing=-999.00000000000000               
	11.0
cpt:Y	33.008157699999998
cpt:X	-100.18065890000000
1958	41.783344595389707
1959	18.564721779173979
1960	6.1813592821174979
1961	44.919681073234855
1962	32.076537646092291
1963	36.741236120383888
1964	72.370619589600267
1965	13.396524961313077
1966	51.458179196140740
1967	49.425452595242511
1968	84.222867601709794
1969	16.438604991010337
1970	62.017638181462978
1971	19.589717809297142
1972	21.357072901774259
1973	55.761380489526232
1974	19.933658771488979
1975	39.846825799288666
1976	25.224587698858386
1977	89.144636687507628
1978	35.931607500503333
1979	96.804159089942900
1980	24.038890805664877
1981	17.030483112969875
1982	69.844696941197000
1983	19.227039641159635
1984	16.870514222020475
1985	13.322674310220805
1986	10.724744165893114
1987	60.719491143405222
1988	50.391975236460766
1989	56.740410235769581
1990	35.321366647674935
1991	22.194336437161283
1992	71.760678434540267
1993	48.946832428025431
1994	51.574859702085327
1995	34.359834224257114
1996	39.229386745864645
1997	55.215909545972956
1998	65.532396199983467
1999	42.970661018334091
2000	22.089647709258202
2001	55.924911852637031
2002	32.727543452114688
2003	49.082797200058593
2004	17.837025885718248
2005	32.433534924237065
2006	13.780210136977416
2007	37.617418104424857
2008	21.231226156669607
2009	45.922169869518029
2010	32.304762169526200
2011	43.031915056643300
2012	79.264744809873079
2013	56.495663364242240
2014	27.228067532231009
2015	34.617368635245697
cpt:field=undefined_prob_N, cpt:nrow=58, cpt:ncol=1, cpt:row=T, cpt:col=station, cpt:units=%, cpt:missing=-999.00000000000000               
	11.0
cpt:Y	33.008157699999998
cpt:X	-100.18065890000000
1958	31.373435230725246
1959	28.326121099295626
1960	15.723077459128092
1961	30.485627649375910
1962	31.705250528402942
1963	31.579812754076311
1964	19.072085497749882
1965	23.518826114115605
1966	28.938694135538494
1967	29.315368786573657
1968	12.002484572500531
1969	26.667688113598203
1970	24.611619125565337
1971	27.858305843371895
1972	28.794821588704004
1973	26.662142845775712
1974	28.056656199328756
1975	31.170193321007581
1976	29.894423191839017
1977	8.5548227742671479
1978	31.547526521556534
1979	2.6651002910776516
1980	30.668485650455978
1981	26.268155687032724
1982	20.454475419858163
1983	25.001359045899399
1984	26.852918018898528
1985	24.531054930166810
1986	21.080987208683979
1987	24.777041841716535
1988	29.252612790028110
1989	26.731923028970336
1990	31.863762912097030
1991	29.846882570902686
1992	19.619379711861690
1993	29.174635022818904
1994	27.697418606768874
1995	31.322316149363097
1996	31.412503526526699
1997	26.782933077350751
1998	22.766611967362934
1999	30.249120578116752
2000	29.510737003974675
2001	27.391270573929926
2002	31.616306849029236
2003	29.494276684374313
2004	26.795726606041995
2005	31.860747822704568
2006	25.127077977248554
2007	31.265961419651596
2008	29.040857790436334
2009	30.467967896204030
2010	30.838021480824715
2011	30.825073301905586
2012	15.266376107645860
2013	27.041910637404335
2014	31.239434119783375
2015	29.610271496428268
cpt:field=undefined_prob_A, cpt:nrow=58, cpt:ncol=1, cpt:row=T, cpt:col=station, cpt:units=%, cpt:missing=-999.00000000000000               
	11.0
cpt:Y	33.008157699999998
cpt:X	-100.18065890000000
1958	26.843220173885047
1959	53.109157121530394
1960	78.095563258754410
1961	24.594691277389234
1962	36.218211825504767
1963	31.678951125539800
1964	8.5572949126498568
1965	63.084648924571319
1966	19.603126668320765
1967	21.259178618183832
1968	3.7746478257896801
1969	56.893706895391460
1970	13.370742692971685
1971	52.551976347330964
1972	49.848105509521737
1973	17.576476664698056
1974	52.009685029182265
1975	28.982980879703753
1976	44.880989109302597
1977	2.3005405382252206
1978	32.520865977940133
1979	0.53074061897944602
1980	45.292623543879145
1981	56.701361199997400
1982	9.7008276389448316
1983	55.771601312940966
1984	56.276567759080997
1985	62.146270759612385
1986	68.194268625422907
1987	14.503467014878243
1988	20.355411973511124
1989	16.527666735260084
1990	32.814870440228034
1991	47.958780991936031
1992	8.6199418535980357
1993	21.878532549155665
1994	20.727721691145799
1995	34.317849626379790
1996	29.358109727608657
1997	18.001157376676293
1998	11.700991832653600
1999	26.780218403549156
2000	48.399615286767123
2001	16.683817573433043
2002	35.656149698856076
2003	21.422926115567094
2004	55.367247508239757
2005	35.705717253058367
2006	61.092711885774030
2007	31.116620475923547
2008	49.727916052894059
2009	23.609862234277941
2010	36.857216349649086
2011	26.143011641451114
2012	5.4688790824810614
2013	16.462425998353424
2014	41.532498347985616
2015	35.772359868326035
