xmlns:cpt=http://iri.columbia.edu/CPT/v10/
cpt:nfields=2
cpt:field=undefined, cpt:climit=lower (95.%), cpt:nrow=28, cpt:ncol=1, cpt:row=T, cpt:col=station, cpt:units=none, cpt:missing=-999.00000000000000               
	07.0
cpt:Y	33.008157699999998
cpt:X	-100.18065890000000
1983	-4.8394175745744681
1984	-6.4501886481051081
1985	-1.8766268238229928
1986	-2.8858469890084493
1987	-3.6024444704602190
1988	-2.8051176803387192
1989	-1.3153674744971253
1990	-1.1725547319847358
1991	-1.1750439886118889
1992	-2.2192577526833928
1993	-4.4468491016528828
1994	-5.9728491109283279
1995	-3.1024205657560073
1996	-2.9304051368431718
1997	-1.8797912087279167
1998	-4.8863068439410009
1999	-0.49071626392427348
2000	-1.7672387359317137
2001	-2.9739986211817562
2002	-4.9731421156880495
2003	-2.3809818287892739
2004	-2.1272956960616209
2005	-3.0921256158355601
2006	-3.4537399939566638
2007	-2.4243552683828673
2008	-2.7284258931160252
2009	-2.5785193074024062
2010	-1.8638606460124505
cpt:field=undefined, cpt:climit=upper (95.%), cpt:nrow=28, cpt:ncol=1, cpt:row=T, cpt:col=station, cpt:units=none, cpt:missing=-999.00000000000000               
	07.0
cpt:Y	33.008157699999998
cpt:X	-100.18065890000000
1983	7.7802125474789614
1984	6.8485200994862350
1985	10.447253922973779
1986	10.023669872645383
1987	8.5034969438231354
1988	8.8164706666799617
1989	11.120833297850876
1990	10.785879048451156
1991	11.403869464247617
1992	10.543774660502145
1993	8.7611997288700216
1994	6.8272608948480613
1995	9.0654491990168271
1996	9.0090437262934699
1997	10.033422468272118
1998	7.7057816431549115
1999	11.949514119814202
2000	10.446526777076350
2001	9.0266825581786545
2002	7.6043056367240629
2003	9.9684238199484749
2004	9.6342525605019844
2005	9.1137445249979141
2006	8.6582497206931652
2007	10.059978129429417
2008	9.5278789935429433
2009	9.7078057761016545
2010	10.299811286615537
