xmlns:cpt=http://iri.columbia.edu/CPT/v10/
cpt:nfields=3
cpt:field=undefined_prob_B, cpt:nrow=58, cpt:ncol=1, cpt:row=T, cpt:col=station, cpt:units=%, cpt:missing=-999.00000000000000               
	04.0
cpt:Y	33.008157699999998
cpt:X	-100.18065890000000
1958	35.435873050197458
1959	72.555559914251305
1960	49.092049481814385
1961	28.458027016286792
1962	56.243478768455574
1963	62.569589552199659
1964	64.863567894524678
1965	78.449660954331563
1966	49.385165573557344
1967	37.280120486568258
1968	18.193639178372877
1969	30.982258361527784
1970	16.575343083367301
1971	97.668582690707169
1972	53.482728363216012
1973	17.306275383827199
1974	71.220023684206851
1975	38.266249704843588
1976	66.578729172800990
1977	41.289057945679431
1978	94.755971162235895
1979	20.938974954633025
1980	52.038744158052474
1981	22.011478349460802
1982	31.454756368560709
1983	35.428319122674608
1984	41.477618930981166
1985	23.855751685241671
1986	39.654844286447478
1987	21.188293624756199
1988	35.495270780844848
1989	37.103542272343624
1990	19.547246942051856
1991	41.872381016331396
1992	20.171402173064649
1993	28.088385506485565
1994	55.416617675075422
1995	82.132295840528712
1996	70.877030206857341
1997	27.997043842339465
1998	30.802521105283830
1999	47.303892908170496
2000	10.540902672361824
2001	19.482636766229874
2002	29.473680838183128
2003	42.798351780491629
2004	16.330957987099040
2005	21.449013953607306
2006	33.103936637770076
2007	21.889171885884423
2008	37.596609863954519
2009	32.539255309346515
2010	23.535508994862710
2011	33.411686044242899
2012	52.790112627726018
2013	67.871017577091976
2014	45.452781996821635
2015	30.737198946595740
cpt:field=undefined_prob_N, cpt:nrow=58, cpt:ncol=1, cpt:row=T, cpt:col=station, cpt:units=%, cpt:missing=-999.00000000000000               
	04.0
cpt:Y	33.008157699999998
cpt:X	-100.18065890000000
1958	27.060363073837948
1959	17.896950729063562
1960	26.765382256317029
1961	27.853075519346461
1962	24.821424515806150
1963	22.558107147476960
1964	21.367831335328109
1965	14.747291440151425
1966	26.601975892530398
1967	28.339991929899043
1968	23.790633309164754
1969	28.108317615956508
1970	23.424241225653653
1971	1.8535457894154552
1972	25.616989901142642
1973	23.425686946624445
1974	18.377358505313659
1975	28.061551782947063
1976	20.875542433657458
1977	27.626343575753321
1978	4.0689960548478341
1979	25.735330923111832
1980	26.032893323250686
1981	25.477609139063645
1982	27.990883885289819
1983	27.740285825337402
1984	28.082561075904181
1985	26.133358380078491
1986	28.070566281561383
1987	24.842595495573399
1988	28.456213247458308
1989	27.558734024879172
1990	25.064086841581258
1991	28.159944993098172
1992	24.369501133401513
1993	27.441188992019129
1994	25.204365402831392
1995	12.522660229740502
1996	18.760665135541508
1997	27.732265618755129
1998	27.861588963605705
1999	25.754015842559394
2000	17.982670285533118
2001	24.822956850357031
2002	27.922984680340647
2003	27.852877877670412
2004	23.125781081140524
2005	25.945575601546139
2006	28.038194517234047
2007	26.051315018062830
2008	27.675930566435319
2009	28.125282250179936
2010	24.898858660002709
2011	27.687239950491609
2012	25.578376463133040
2013	20.148205271533882
2014	27.502827034726558
2015	27.958965975069873
cpt:field=undefined_prob_A, cpt:nrow=58, cpt:ncol=1, cpt:row=T, cpt:col=station, cpt:units=%, cpt:missing=-999.00000000000000               
	04.0
cpt:Y	33.008157699999998
cpt:X	-100.18065890000000
1958	37.503763875964594
1959	9.5474893566851318
1960	24.142568261868586
1961	43.688897464366747
1962	18.935096715738275
1963	14.872303300323381
1964	13.768600770147213
1965	6.8030476055170190
1966	24.012858533912258
1967	34.379887583532700
1968	58.015727512462369
1969	40.909424022515708
1970	60.000415690979047
1971	0.47787151987737320
1972	20.900281735641347
1973	59.268037669548356
1974	10.402617810479494
1975	33.672198512209349
1976	12.545728393541561
1977	31.084598478567248
1978	1.1750327829162754
1979	53.325694122255143
1980	21.928362518696840
1981	52.510912511475553
1982	40.554359746149473
1983	36.831395051987990
1984	30.439819993114654
1985	50.010889934679838
1986	32.274589431991139
1987	53.969110879670403
1988	36.048515971696844
1989	35.337723702777204
1990	55.388666216366886
1991	29.967673990570432
1992	55.459096693533837
1993	44.470425501495306
1994	19.379016922093186
1995	5.3450439297307781
1996	10.362304657601145
1997	44.270690538905406
1998	41.335889931110465
1999	26.942091249270110
2000	71.476427042105058
2001	55.694406383413096
2002	42.603334481476224
2003	29.348770341837959
2004	60.543260931760436
2005	52.605410444846555
2006	38.857868844995878
2007	52.059513096052747
2008	34.727459569610161
2009	39.335462440473549
2010	51.565632345134581
2011	38.901074005265492
2012	21.631510909140943
2013	11.980777151374141
2014	27.044390968451808
2015	41.303835078334387
