xmlns:cpt=http://iri.columbia.edu/CPT/v10/
cpt:nfields=1
cpt:field=X_scores, cpt:nrow=28, cpt:ncol=4, cpt:row=T, cpt:col=index 
	1	2	3	4
1983	-2.3246178585675130	-2.0227499553799064	-0.94812895178811296	-0.96849083385046164
1984	0.81143914616382573	2.0034229648346171	-2.6287417584616550	-0.53115929179558696
1985	-0.57699837923451758	1.9047805213166229	0.43200180480628264	0.96107753459399659
1986	-6.2204763223059549	1.2316657422746331	1.0926833665074935	8.8548629366074175E-002
1987	-3.8118310992523265	-0.76671938482895907	-0.66657163400864294	6.0837545548910091E-002
1988	-0.18128851495227713	-0.23796697095595179	4.6326227642763423E-002	-0.28678662876993988
1989	0.38263485527748703	1.3370582214017155	0.23258927218224865	1.5998235910574732
1990	1.3670423554217062	-0.40432329972534681	1.2806644662844440	0.25806715616609222
1991	-3.3211955946904230	9.4397343553725740E-002	2.0150781705260421	0.40815999971290995
1992	-4.4778773930886038	-1.7937868941797477	1.2869841944514644	-2.9257173458999249E-002
1993	-3.7992641322377461	-1.9912923845521742	-1.9763227511373616	0.78014318214429046
1994	-3.8018943887814665	1.0015197386507522	-1.9910268564112574	-0.57017802174292709
1995	1.1006865736725722	-1.6645776645602108	0.30065421672230064	-0.83574005245981464
1996	2.6196918637491438	-0.38341911969966463	0.31002786057518056	-0.76567728641686394
1997	-0.80099477120776985	0.27976919771201292	1.2869914768568607	-0.19498640352338895
1998	0.73675175258053238	-1.2842241448521181	-0.28929513129267642	-1.8080283407550766
1999	2.0967101905299392	-0.67373109989344182	0.70296741314891042	1.6001655694602046
2000	3.1021512519713657	-0.12100015158921022	-0.45552988488387425	1.2133638129607975
2001	-0.17810573503739943	0.86034440799298584	0.87256814175758435	-0.86596831590944923
2002	1.1102568349313837	2.0950082254563820	-0.70213752289007569	-1.1445700986545562
2003	-2.6655649533965886	0.58580150941231646	-0.60921025349635516	1.4238540299895490
2004	2.2640690324580590	-0.23478585378641809	-9.0668758731925786E-002	0.36157261239534921
2005	1.4360838987588611	0.11318133704620639	1.0331596557007052	-1.2680179568104804
2006	-2.9444139354264147E-002	1.5849975958530080	0.42346671800659968	-0.81426724869345180
2007	5.1059261199874895	-1.4065782468742769	-8.9259159808726032E-003	-5.6646665837181122E-002
2008	3.9127945655997971	1.1962659887034615	0.50050119937864712	-0.49466115085421447
2009	2.3643174240651899	-0.74663668571789044	-1.1541066762847065	1.0474453831857611
2010	3.7789974169388656	-0.55642093761517775	-0.29599808918029508	0.83137642295101988
