xmlns:cpt=http://iri.columbia.edu/CPT/v10/
cpt:nfields=3
cpt:field=undefined_prob_B, cpt:nrow=58, cpt:ncol=1, cpt:row=T, cpt:col=station, cpt:units=%, cpt:missing=-999.00000000000000               
	11.0
cpt:Y	33.008157699999998
cpt:X	-100.18065890000000
1958	37.436884868719325
1959	36.621129503094217
1960	5.3218270956118658
1961	30.396441171472048
1962	33.366853312660780
1963	23.146571687456813
1964	78.619863473216270
1965	10.442645548796506
1966	69.051270383935247
1967	56.830670567646038
1968	85.503958291715236
1969	31.728239711116473
1970	60.233846321416870
1971	31.437244399619374
1972	19.136812314907885
1973	56.539302214838763
1974	29.496244801074397
1975	43.058230228388837
1976	22.672407591919125
1977	92.110297446449152
1978	41.705200896899640
1979	95.692344263580310
1980	21.235455075215100
1981	16.085807948292953
1982	78.302862251957976
1983	7.8110647475884321
1984	18.282730046309283
1985	11.651976032455579
1986	9.9114968512544124
1987	65.219438650086857
1988	49.727647357875036
1989	67.456607773905802
1990	33.460918217326125
1991	17.241866437647033
1992	75.556579696453184
1993	42.671387478186539
1994	66.344878378117613
1995	37.437172603001891
1996	27.802724858090500
1997	36.078530423014413
1998	67.338518260760139
1999	42.696931758067379
2000	22.132764288807195
2001	45.605188391052451
2002	25.532942781828623
2003	58.953210971012815
2004	13.620577018483999
2005	25.212012231582833
2006	8.9736814291498206
2007	25.424236942351612
2008	18.424329042237659
2009	40.517743501668193
2010	24.889802172201712
2011	38.786175225784206
2012	89.531748454766387
2013	49.378116144919545
2014	25.065250192069371
2015	25.816469817612898
cpt:field=undefined_prob_N, cpt:nrow=58, cpt:ncol=1, cpt:row=T, cpt:col=station, cpt:units=%, cpt:missing=-999.00000000000000               
	11.0
cpt:Y	33.008157699999998
cpt:X	-100.18065890000000
1958	32.692321977441772
1959	31.628601063934898
1960	16.080049132823817
1961	32.924375429788832
1962	31.337542218815017
1963	31.509012246620443
1964	16.110496097554023
1965	23.301500720572236
1966	21.857747382593274
1967	27.611976099717307
1968	11.423810017330879
1969	31.285696528300861
1970	26.369600199735579
1971	32.452847623139611
1972	29.687213755528738
1973	27.829881391131366
1974	31.923071601970506
1975	31.931341670195543
1976	31.517335638960425
1977	6.4902811560113189
1978	32.022693334112695
1979	3.5941914608878092
1980	29.741853506407693
1981	26.814864699163962
1982	16.180926163616331
1983	19.672642143714810
1984	29.179092401901343
1985	23.632574063139373
1986	22.849292993121836
1987	23.197575544424826
1988	30.114231972599335
1989	22.699132477953285
1990	33.143895069379418
1991	28.852683811426154
1992	17.933470950555975
1993	31.959597535906411
1994	23.267136045999145
1995	33.288314327615652
1996	32.611555233068529
1997	30.559876636529289
1998	22.510192244723079
1999	31.502574128476052
2000	31.331700646432857
2001	31.084006417425488
2002	32.447171571221823
2003	26.788708978757267
2004	26.425757206935870
2005	32.386453651018954
2006	21.705778108726349
2007	31.631559920212361
2008	28.956670709971824
2009	32.508316991996651
2010	30.877302461633036
2011	32.749844947688231
2012	8.4324041666668101
2013	30.658459128600104
2014	32.384652182485695
2015	31.649216835367653
cpt:field=undefined_prob_A, cpt:nrow=58, cpt:ncol=1, cpt:row=T, cpt:col=station, cpt:units=%, cpt:missing=-999.00000000000000               
	11.0
cpt:Y	33.008157699999998
cpt:X	-100.18065890000000
1958	29.870793153838903
1959	31.750269432970885
1960	78.598123771564318
1961	36.679183398739120
1962	35.295604468524203
1963	45.344416065922744
1964	5.2696404292297006
1965	66.255853730631259
1966	9.0909822334714772
1967	15.557353332636655
1968	3.0722316909538820
1969	36.986063760582667
1970	13.396553478847551
1971	36.109907977241015
1972	51.175973929563376
1973	15.630816394029873
1974	38.580683596955097
1975	25.010428101415620
1976	45.810256769120450
1977	1.3994213975395247
1978	26.272105768987664
1979	0.71346427553188096
1980	49.022691418377207
1981	57.099327352543085
1982	5.5162115844256965
1983	72.516293108696757
1984	52.538177551789374
1985	64.715449904405048
1986	67.239210155623752
1987	11.582985805488317
1988	20.158120669525630
1989	9.8442597481409049
1990	33.395186713294457
1991	53.905449750926813
1992	6.5099493529908345
1993	25.369014985907050
1994	10.387985575883244
1995	29.274513069382458
1996	39.585719908840971
1997	33.361592940456298
1998	10.151289494516776
1999	25.800494113456569
2000	46.535535064759948
2001	23.310805191522061
2002	42.019885646949554
2003	14.258080050229918
2004	59.953665774580131
2005	42.401534117398214
2006	69.320540462123830
2007	42.944203137436027
2008	52.619000247790517
2009	26.973939506335153
2010	44.232895366165252
2011	28.463979826527563
2012	2.0358473785668028
2013	19.963424726480351
2014	42.550097625444934
2015	42.534313347019449
