xmlns:cpt=http://iri.columbia.edu/CPT/v10/
cpt:nfields=1
cpt:field=Predictor_scores, cpt:nrow=58, cpt:ncol=4, cpt:row=T, cpt:col=index 
	1	2	3	4
1958	1.4840473343169340	-1.8269673577086385	0.82298230239808323	0.94203707666422343
1959	3.1790532921099888	-0.87897834629655558	0.90029395849172933	-1.7892444136639023
1960	4.3440991733817569	0.51651491033380692	2.8840360513188001E-002	-0.44873047945275935
1961	2.4970496722936937	0.88579518184755834	1.1637729262064986	-1.0706351870299171
1962	2.6628361610279554	0.91484087149025251	0.70015871312844558	-1.0177594480212862
1963	1.7249594765392682	1.3934917153975486	1.3826010978926266	-1.5217569064692269
1964	3.3829251224410455	0.43691062221743798	0.63665576795299350	0.30326815766166404
1965	-0.39768098675278651	-1.9971469002373465	0.10352161148909861	-7.7533963538364836E-002
1966	-1.9284239584609766	-1.8990808588102726	-8.8073208284833338E-002	0.71047277642969864
1967	1.5743952022366847	0.91587440931416175	1.0123685657691011	-1.3277562467495698
1968	1.3606060228755237	0.61098169378632416	0.76484411726722468	-1.0891301486595695
1969	5.2286459277473627	-0.31256549167644943	0.14042033840900542	-6.4622353268203869E-002
1970	-1.3470846891387296	0.97875075659640609	0.99478712022994142	1.5878663380850746
1971	-0.35004136699033833	0.83151298825562048	0.17240881718596732	-0.32252596737266781
1972	-1.2855216366744626	-1.4981813415403322	0.66067595154268255	6.1308726296869967E-002
1973	-0.17239823122466835	0.25816806276989346	-0.16951488258501995	0.19242975038450144
1974	-3.6385140774097104	1.9276783681478999	0.25844015843007256	2.2079833465287870
1975	2.1802225628636771	1.6218795007848437	-0.64180876992596014	0.15942994429455876
1976	-0.82551469244324793	2.2929043314444471	-2.2328687184494846	-0.12944146533503109
1977	-0.61452786923943559	9.4709519832720288E-002	-0.96688824922772520	-0.33481233421970291
1978	0.59716917320343876	0.21005214456816612	0.88083488755126627	0.92549926028455054
1979	7.1302366904391651E-002	-1.5555909831119106	1.4961023374916049	0.95048689736080783
1980	-3.0423403178277877E-002	-1.2592644251492904	-0.21569862934890763	0.10392582885025246
1981	0.65682772321748217	4.9936201056779227E-002	1.3528011496039567	0.95181126708868768
1982	0.80071645209415776	0.60019223182847514	1.0715228738496640	-0.68683712424637666
1983	-0.63891046177424915	-3.6709799577722380	-8.3223733959190194E-002	1.4540051381555117
1984	-1.4080883721309119	1.7214990537954513	-2.4386042764489368	1.1366125855539173
1985	-5.5413918958610529	1.6540688035534923	0.87503254641461092	0.52340951899217347
1986	-7.4303334916020205	1.9120818832980946	0.17296557552277336	-1.1423110362472901
1987	-5.5414018766373729	-1.9830824226944272	-0.82927422710790677	-1.5272963620087181
1988	-0.82836056530271873	0.85225424774906966	-0.94429250201526382	-2.2265921036168645E-003
1989	-4.3322463148517087	1.9852471534116669	1.1315293423790120	0.30796496749114233
1990	-0.38610892294943250	1.5953580897547188	0.48997762791401928	-1.5586138875467814
1991	-2.9362265294822292	-0.48266316953075078	1.3217559333720450	-0.54641586347343374
1992	-6.4377538147965403	-3.3276691546733392	-0.28333972170248445	-1.7187406963806784
1993	-1.5194368179559679	-1.3071775228512452	-0.57426971430608420	-0.44311561752290451
1994	-4.3453445345242994	0.53821612124622631	-2.6186858901786492	-1.3576930749905234
1995	-0.25445995774533930	-0.95083992008691121	-9.5841398265677280E-002	0.51308356522061116
1996	2.6950893417553026	-0.54480660364658806	6.6646294771454062E-002	0.65274624785635305
1997	2.1506059722830519	0.29596823648358789	0.62127839561122300	-0.86827053412103428
1998	1.8711691021857475	-2.7102309232752120	-0.87910990913769882	0.19764562189912199
1999	-0.31420949120208835	0.35190738818122380	1.6817652843903503	-4.1619912026856221E-002
2000	0.51262189210103504	0.19504583054223637	0.19757625606454174	1.0475302881176456
2001	-3.7997324487543978	0.69267985751638050	0.72114960636755110	2.2901876266288324
2002	-1.7651592837785031	0.64624660100241949	-1.3465493306511576	0.72486212298355923
2003	-1.4278142733997536	-1.3199070877084422	-0.73588381711570938	-0.89479715792918246
2004	1.2034393471410425	-0.63684492210513621	0.12810325928986821	0.71653254849582937
2005	2.6265015532249607	3.8107829041510423E-002	-0.26422630536094649	0.33088395095864237
2006	2.5497549035400624	0.61119482799479752	-0.81241709276012486	-0.38314863095018797
2007	1.8067578181225346	-8.2523229586971808E-002	0.22801593423620745	-0.13553341033595395
2008	1.1603674398310506	1.4158848264414146	-6.4722959891843512E-002	0.56619179336447023
2009	0.31843068722251833	-1.1242983457583873	0.46098759256010036	1.3271624125424226
2010	1.4514922984193148	-0.14501980074996540	-5.9240986770189137E-002	0.31893755944260721
2011	4.7030374796470023	0.68003738281557458	-2.6074157642400451	1.5537810205636651
2012	1.5818472498409730	-1.1009556113414454	-1.5750196705955473	-0.32325120848338518
2013	5.4515388786122756	3.2443740811389676E-002	-1.2781173452485772	-0.78220315408442298
2014	0.50254761855262720	0.19794673548700351	-1.1091906462462553	-0.76966977652190405
2015	-2.8329472814753003	0.65839225751008368	0.27346104552558748	-0.38236338544360005
