xmlns:cpt=http://iri.columbia.edu/CPT/v10/
cpt:nfields=3
cpt:field=undefined_relodds_B, cpt:nrow=28, cpt:ncol=1, cpt:row=T, cpt:col=station, cpt:missing=-999.00000000000000               
	07.0
cpt:Y	33.008157699999998
cpt:X	-100.18065890000000
1983	3.9911257875368604
1984	7.3623512241280844
1985	0.90293341625379420
1986	1.3523888741441781
1987	2.4113486018617238
1988	1.7787274667821527
1989	0.65011245270815765
1990	0.65578295135546105
1991	0.58680451292961644
1992	0.99004552954316516
1993	2.7455386757805882
1994	6.8599898681046776
1995	1.8114694268836085
1996	1.7517354015315580
1997	0.98702990049619399
1998	4.1275746190210603
1999	0.40905614757220782
2000	0.87004658570712445
2001	1.7653528819053852
2002	4.3428120410440405
2003	1.1783362339136250
2004	1.1735816358027329
2005	1.7838338681497534
2006	2.2215547119171402
2007	1.1701350662224816
2008	1.4500099685262928
2009	1.3287285607352071
2010	0.92707684355736597
cpt:field=undefined_relodds_N, cpt:nrow=28, cpt:ncol=1, cpt:row=T, cpt:col=station, cpt:missing=-999.00000000000000               
	07.0
cpt:Y	33.008157699999998
cpt:X	-100.18065890000000
1983	0.40141921447953199
1984	0.26210133427087534
1985	0.54888368129835363
1986	0.53386959379968923
1987	0.52022448558049172
1988	0.58896765155332920
1989	0.49992782066399466
1990	0.52908406827668486
1991	0.47529403362567052
1992	0.53179384068352376
1993	0.45333876262287032
1994	0.28417850052583415
1995	0.55640593485558931
1996	0.57222627612541921
1997	0.58150178135480601
1998	0.39509757612906549
1999	0.41418008728178901
2000	0.55175281191829739
2001	0.56805307424848817
2002	0.38463583541527946
2003	0.56331612628415251
2004	0.59923968743712785
2005	0.55591616085318685
2006	0.53314015611205190
2007	0.55545230709181104
2008	0.56718511381296444
2009	0.56764907943041643
2010	0.56087168183695113
cpt:field=undefined_relodds_A, cpt:nrow=28, cpt:ncol=1, cpt:row=T, cpt:col=station, cpt:missing=-999.00000000000000               
	07.0
cpt:Y	33.008157699999998
cpt:X	-100.18065890000000
1983	0.40000360141629865
1984	0.21669340022029551
1985	1.7995039882050929
1986	1.2567778931883680
1987	0.65588799188918068
1988	0.86445703043228361
1989	2.4914353798795386
1990	2.3847506009387751
1991	2.7748593229256340
1992	1.6957637691962355
1993	0.62007836921118842
1994	0.22549173047411214
1995	0.88633762679976047
1996	0.90117105556969745
1997	1.5990918194413366
1998	0.38501958369256206
1999	3.8589047463720143
2000	1.8508027769752071
2001	0.89837774168877849
2002	0.36412220067646628
2003	1.3869564880989520
2004	1.3314375743676610
2005	0.90302185078839714
2006	0.71478348450105678
2007	1.4102240029253568
2008	1.1190148261408939
2009	1.2245200025311649
2010	1.7331514287731893
