xmlns:cpt=http://iri.columbia.edu/CPT/v10/
cpt:nfields=1
cpt:field=Predictor_scores, cpt:nrow=28, cpt:ncol=4, cpt:row=T, cpt:col=index 
	1	2	3	4
1983	2.1145101824327908	-1.8825853122218308	0.99513426290445117	0.12029088665151055
1984	-7.5233069162319275	5.2165123373216347E-002	-1.1047279502533152	-0.79230805643273239
1985	3.4874439232787715	-0.99667517077795176	-0.87608524909530860	1.4727407532741039
1986	-3.1435845964229174	0.12589249518055684	-0.14424466849832174	1.0449652525048150
1987	0.80181152931644917	-1.1647867534685572	0.95052323200326350	0.44848975597398499
1988	-2.7984554145857348	-0.14408688460708410	0.77134128695694504	0.98317452097283542
1989	-3.3282125913300953	1.2565774698126171	4.1326566859118785E-002	-0.27788983038881776
1990	-1.2771538638142723	0.50013102401550835	-0.11532003728057248	0.69801819999609460
1991	-0.85249866345809777	0.48837350634900867	0.20816843336926094	0.34214756170347904
1992	-3.3566690630318097	-2.6809438916165744	0.72541186809890124	0.70212143866374599
1993	1.7329267558669659	-3.0964859635769795	0.78962613598797204	-1.5184870729395659
1994	-2.4005413725592351	-0.71491743990498913	-2.0370426054762647	-1.5855283502322806
1995	1.9536033852009729	-1.6963316349402964	-1.0879942102421312	-1.4488742626314124
1996	1.0812222711870096	0.55367892237354954	-0.82051672565445122	-0.52719437925092538
1997	-0.48129977714612610	0.42647392260214095	-0.37879544296316414	1.0034629356791780
1998	3.6960070843404549	0.61267598730847339	-1.8848763717893362	-1.1171389638785061
1999	1.2261625605014501	1.1102438685750950	0.57207064102859018	-0.35472629588517635
2000	-3.3941665434036761	1.5957193570901058	-0.20527597995132071	0.68422120916693818
2001	0.67295658590726493	-0.13481529077958668	-1.5497577137870289	0.72020663970348087
2002	-1.5378450070220928	-1.3699013658428949	1.1005413691658932	0.53219625155765904
2003	2.9957705371811372	0.10872783631490175	-0.82219024351539061	0.29388527676292586
2004	0.13561617932331391	0.46339920439891830	-0.10349032062923758	1.1975551481539795
2005	-0.17438822054087583	1.8773243575178287	2.1189999502839489	-2.1827657669985685
2006	1.4826156763585221	1.2652877808496228	-0.36355501962672676	-0.43360688300580091
2007	0.31645712583204977	0.47155101469446992	1.5447418601579512	-0.73501633551674517
2008	1.0282603201366052	0.73540821161142378	-0.19834785799275215	0.15934509478419367
2009	0.78638312108194508	1.1062275894921536	1.4240719025759863	-0.38552299397604861
2010	6.7563747916022940	1.1316720361786057	0.45026288736224818	0.95623826558805636
