xmlns:cpt=http://iri.columbia.edu/CPT/v10/
cpt:nfields=1
cpt:field=X_scores, cpt:nrow=28, cpt:ncol=4, cpt:row=T, cpt:col=index 
	1	2	3	4
1983	-5.2806247394042130	-6.4701147897083144E-002	0.19013153650573145	-0.58583834941202129
1984	3.6090800231495108	-0.78636760302136921	-0.39097803891828059	-0.27789696759049076
1985	4.6016723108522717	0.25701553214531792	-0.10181201385818796	-0.75047908755801307
1986	1.1127381103085774	-0.72187589238832739	-1.7614187669088817	4.8661163033810337E-002
1987	-2.9479397853483524	1.1000616350006740	5.9189867752320297E-002	-9.5945459479043024E-002
1988	-1.2041487447274437	0.32147274273007720	-8.2018474808563960E-002	1.6461636291686641
1989	4.9627876185994237	-0.36694072461391403	1.1166824263422475	-0.28387209462328711
1990	-0.92449337348005023	0.81225574206850004	-0.77010253611896662	-3.5564270158095483E-002
1991	-2.8427627118229832	-0.34498108572070679	0.19195268594082143	5.5515377201674862E-002
1992	-4.1904538357785599	1.2587385264153470	-5.1476864069712427E-002	0.26683324688217108
1993	-3.0644508166146989	0.30896664574799459	-0.59746290345000397	-0.21536765538831518
1994	-2.0325884174763837	-1.4621632592064351	-1.2703967947871049	0.12569982743529604
1995	-3.4753178728943261	-2.9292181241239508	0.95366232471851742	-0.25683248183106849
1996	0.80831005894905406	-2.0547507704565100	0.52960119970745034	0.71690635704671257
1997	-1.1089180962895067	0.19648067671661640	-0.34278691372854286	-8.9167031832637980E-002
1998	-5.5125475597348581	0.21131072880460233	0.24913333189093154	-0.49870029791323611
1999	5.0369197205490810	-0.80281292614096778	0.24470280674857428	0.85563262541923713
2000	5.5344659511205077	1.8111114963343371	0.21427474437402022	0.19662019964516214
2001	2.0032115203306065	0.70017466768670078	0.16212240319142709	-0.63641574936258671
2002	3.5635353074949654	-0.10808321745793124	-1.5282166107686090	0.20637785299784261
2003	-2.9606735386088783	-0.51108160548000581	0.39831087648695263	-0.28180826724360858
2004	6.7945209201171697E-002	1.0631185168957857	-0.22701540361593434	-0.43558910940968493
2005	-2.5135812986638046	1.2335816243684481	0.66834602755571115	0.71475669550706122
2006	8.8699905288471798E-002	0.13264734618732277	0.64269975360434439	0.52518287634695915
2007	-0.99603720402280060	0.69083508124534754	-0.40736362429469014	2.6845242669566106E-002
2008	3.4520012196404233	-0.54047023126257332	0.49633396355433290	-0.51612976573208047
2009	2.7492117085707242	-0.28050995032839354	-0.16098960574970861	-0.42509651889984201
2010	1.4639593308116166	0.87618557575092337	1.5748946027034554	-4.9198692048170087E-004
