xmlns:cpt=http://iri.columbia.edu/CPT/v10/
cpt:nfields=1
cpt:field=X_scores, cpt:nrow=28, cpt:ncol=4, cpt:row=T, cpt:col=index 
	1	2	3	4
1983	0.65058652017596064	-2.3329184205985345	1.3107104645295726	-0.16688415951400312
1984	-6.0306652069932518	-0.12013366273560731	-1.0264001011347603	-1.4529077787574085
1985	1.9323619345319873	0.22225350737972666	-0.17119281372453757	0.77406567553392358
1986	-5.0267379863567072	0.48176214258955569	0.83166058127769604	0.87152801580628769
1987	-2.6909036231870935	-0.52831155823305609	1.7266272678499330	0.38072838110394902
1988	-0.68175297181443328	0.13851402660899892	0.39072427766904966	9.9726799101940447E-002
1989	-1.8142780401065621	0.63294885085307062	-0.13210714113840305	-0.67067647648241346
1990	3.6672911353456881	-0.88385702605375460	0.12056458595302554	-0.34140304457009918
1991	0.79891052185949063	0.25610582774483970	-0.91155446661282680	1.8084454422089866
1992	-2.3498393823291708	-3.8572143645623522	0.60950765297916154	1.0165987797675284
1993	-2.7093089608447953	-1.4355282904448625	-0.10017249914964708	-0.30413394148058565
1994	-4.4862761366959232	3.3399257930881499E-002	-3.6626688055925016	3.7767773483845607E-002
1995	2.3270402585848271	0.73071069064950855	-1.6483071831036797	-1.3280184082485409
1996	3.0895787763137110	-0.49124967172338729	-1.7562553259132101	0.22408097287469944
1997	1.1954301901575031	-0.26151521729514504	0.44142592231527833	0.40690077511382955
1998	2.4509420608759722	-1.0999083883305794	0.12900935800684971	-2.5835169659047961
1999	0.40923987834643494	0.31827859138792958	-1.0554745793485560	1.2646983406118153
2000	0.89289931740688144	0.30406284506658787	-0.44829778858280833	1.1323320894343458
2001	-1.9999899484904868	0.76956276593630846	0.40507821735658300	-0.44425306393753683
2002	-1.4298467172988809	1.0192250997416841	0.63152827335397277	-0.24563005653890166
2003	3.0467379316964514	-0.38259612266039578	0.13082639447272887	-0.66500421891846639
2004	2.1286432850637600	0.76598989912566673	0.60607991599374222	0.45774993105957618
2005	5.5746125143549666E-002	0.62340529986423765	0.35586866973592068	-0.30706342158654543
2006	3.5829120962105798	-0.27137089829854444	0.15982740352859831	-0.49635953406548278
2007	3.5291632531073946	0.21208069075008257	0.16069293749079780	-0.39410721850855818
2008	-0.55833006376933081	2.7588500374277181	1.3258291709028167	-0.67562192868246340
2009	-2.8213222206509982	1.2868983030658192	1.4952877005181267	-7.6924235542905714E-002
2010	2.8417679737172232	1.1105557848128089	8.1181910368695445E-002	1.6778814766377295
