xmlns:cpt=http://iri.columbia.edu/CPT/v10/
cpt:nfields=3
cpt:field=undefined_relodds_B, cpt:nrow=28, cpt:ncol=1, cpt:row=T, cpt:col=station, cpt:missing=-999.00000000000000               
	07.0
cpt:Y	33.008157699999998
cpt:X	-100.18065890000000
1983	2.0250950502336869
1984	8.4564060790168032
1985	0.82098228621430014
1986	1.0325553757823100
1987	1.9183363998219236
1988	2.5383264853357219
1989	0.70977418565444528
1990	0.80103286629121340
1991	0.49493218198308009
1992	1.1902469667248365
1993	1.9356849101197355
1994	6.3263566238135942
1995	1.5662351248639201
1996	1.4990417696663236
1997	0.86511100279935127
1998	3.3030050890797602
1999	0.41030619571081778
2000	1.3408467611699002
2001	1.1613848322073363
2002	4.2718943084819854
2003	1.8369699420338035
2004	1.5372654935001573
2005	1.7912695275422148
2006	2.6717323555925803
2007	1.2860401884880499
2008	1.6836058879944822
2009	1.2679571160128864
2010	1.4148206172255444
cpt:field=undefined_relodds_N, cpt:nrow=28, cpt:ncol=1, cpt:row=T, cpt:col=station, cpt:missing=-999.00000000000000               
	07.0
cpt:Y	33.008157699999998
cpt:X	-100.18065890000000
1983	0.50282351189060481
1984	0.23993977814480011
1985	0.53840890818621412
1986	0.54450916125142368
1987	0.53764508048071136
1988	0.53338637450964999
1989	0.52660403342560380
1990	0.52585310750779624
1991	0.47772441812067795
1992	0.52086362349736404
1993	0.58219710257780455
1994	0.29744697365375888
1995	0.61275763342211020
1996	0.59791036530558872
1997	0.56039025208010440
1998	0.45003846672039471
1999	0.43054667462865365
2000	0.61463454229572767
2001	0.53870496781157839
2002	0.40656006517893994
2003	0.57780828800992234
2004	0.60619605514123198
2005	0.58263944537708390
2006	0.50997913386386640
2007	0.60868156877781110
2008	0.58805777608235188
2009	0.59525062997119405
2010	0.61149867733918473
cpt:field=undefined_relodds_A, cpt:nrow=28, cpt:ncol=1, cpt:row=T, cpt:col=station, cpt:missing=-999.00000000000000               
	07.0
cpt:Y	33.008157699999998
cpt:X	-100.18065890000000
1983	0.84082907782435956
1984	0.18376718530009714
1985	1.9751001803309507
1986	1.6069571812190524
1987	0.85124882369746269
1988	0.59790272760851781
1989	2.2521095405577856
1990	2.0472230644426950
1991	3.1127001028124344
1992	1.4499985378865015
1993	0.78825299179631014
1994	0.24904233935065359
1995	0.96863754553118886
1996	1.0369039788407302
1997	1.8401289513445660
1998	0.47972319261112367
1999	3.7575536322239285
2000	1.1425584651108907
2001	1.4508782314100954
2002	0.35278801446236702
2003	0.84534492654906823
2004	0.99764901094834679
2005	0.86503945743583210
2006	0.58039907383378542
2007	1.2015679416290128
2008	0.92280801535500023
2009	1.2396093544298101
2010	1.0841641006723748
