xmlns:cpt=http://iri.columbia.edu/CPT/v10/
cpt:nfields=1
cpt:field=X_scores, cpt:nrow=58, cpt:ncol=4, cpt:row=T, cpt:col=index 
	1	2	3	4
1958	-0.40168494823631462	-2.2904979248062833	-0.50688428712530553	-0.81835637508992853
1959	0.47011114457805475	-1.4951541906602346	0.88392260146398460	-0.26625431844201985
1960	0.45947227885438396	-0.67852875297068116	1.1253049329459917	-0.16680672967892454
1961	-1.2627537324407776	-1.2762008931699849E-002	-0.30439104920287596	0.46808438816822201
1962	2.8614734168401963	-1.3760082549668511	0.43096841886874832	-0.29051652933231303
1963	-4.4600866597342410	-2.6013351056436078	0.41679862420261610	0.17744728562226914
1964	1.0794682117045069	-0.41264164149525939	-0.96403715262030887	1.1483195007280884
1965	-6.2043425423744205	1.4844989833194087	-0.84147654704193442	1.4493257488181038E-002
1966	1.7172577385479983	-1.5097941393880909	-1.0573126024625872	-0.15122245511631566
1967	-0.34667043125332064	-3.7853964353224051E-002	0.64405227780218000	0.12584544742537598
1968	-3.7480379271201789	-0.54475244030314396	-0.78191965166404187	-0.39911005805286232
1969	1.0399396255941309	1.4475908768608048	0.23598010919944551	1.0102471728850253
1970	0.28806007916504883	-2.6851943088240757	-3.1993619493569936	0.75252220278677573
1971	-1.7673110656608175	-0.88046318083563790	0.15618330725153912	-1.0049506232883729
1972	-5.6021391875578272	0.13984717610047595	1.0664129732496170	1.1005336989698968
1973	4.3244669966687352	-1.0108396446426517	-0.78903787156514260	0.83499844940759926
1974	1.9074287919098896	-0.47573347858158344	0.47583713723682608	9.6587956733646188E-003
1975	2.2368604842339259	-0.89783100973293251	0.48660780528687775	0.79254540245543026
1976	-3.5017807390253379	-6.6849506945793599E-002	0.11592390402925012	-0.48288324466835408
1977	0.82035647157026148	-1.6866609702032451	-3.7334184618177080	0.37020920130718693
1978	-0.46920690672712578	-1.9256977511636288	0.97027755790058468	-0.23151434931043541
1979	0.94296003630889869	1.0362253836083191	-0.11031993245527226	-0.46026561318853781
1980	-0.53047681364147625	-0.24461091690518472	0.74797614300602311	-0.12358886730471638
1981	-0.45026854864018151	-0.30141869501178659	0.50700581106020715	-0.62885188509287726
1982	-4.1304126892654667	-1.0467150255088484	1.3921367549444799	1.7921456810055327
1983	3.2031499243108512	0.62691582942999280	0.51243109528914699	5.4830831262029853E-003
1984	3.3065276113422959	1.9030621613846246	0.77174948157217149	1.4204378397227306
1985	0.31212256707408165	1.8649582726621219	-0.44233179219766100	-0.84792746864957813
1986	-4.6098071248922201	1.4522653760622128	0.16529002130897855	0.16841767297904700
1987	-0.34661230377288871	-1.0037413292696387	0.41208342509724127	-0.94859780790571246
1988	3.2770501566429875	-1.3312115384085563	0.53573208471993272	0.20582237046948307
1989	-0.99188506702334267	-0.63689071789929141	0.92331486233130089	0.65233195375885178
1990	-5.4380952670929787E-002	1.0178057101704703	0.22074984195425684	-0.54788038086480584
1991	-2.6336628080091735	2.6954002545754050	-8.3577590159783513E-002	-0.55453855185303047
1992	-3.5418273372238764	-1.4578096101818105	0.95505609631161770	-1.0508603340665987
1993	-2.0181534747494472	-0.38160738546475564	-0.64111324668239977	-0.34801721959235604
1994	-3.5416556891724382	1.1977182421576269	-1.4870707970492691	0.46947179566672542
1995	2.6517672597453754	-0.33349200835237824	6.0787240248361988E-003	0.57264259610661261
1996	-2.2726740449929621	-0.87791888735742907	0.31013041174228240	-0.35839418837612319
1997	-5.9406543877920290	-0.92753359067465879	0.50718448624653734	1.2925166035911893
1998	2.8056334779221541	0.57291383404838325	-0.74894548599470634	0.18986744405367703
1999	5.7678061147906305	0.71655159921910905	-1.1116405929905027	0.46401044526187973
2000	2.3331533901502541	0.56200166938610985	0.80813650833733019	-0.77361960458861034
2001	1.9203056243620988	-1.0467572164859396	0.37782422681765598	-1.0834946281711806
2002	-2.7611367679413528	8.7573950358469960E-002	9.5451862163206891E-002	-0.63154586944786517
2003	0.35490465916066904	1.1115990692660769	-0.97291094971797298	-0.66341166763114168
2004	1.8348904352271280	2.6721943667693675	0.28730124549403890	8.1280484059639280E-002
2005	-0.54696778788498424	1.9016439274845407	-0.42335934555171273	-0.69285427155287715
2006	0.27139232567193916	0.42538351246074563	0.55599820319918170	-3.8950226053575239E-002
2007	5.8136958671361150	-0.72417691723598832	0.91733108529891383	-0.82293281424922970
2008	4.3009041576275315	0.88744923323788294	0.50719030861805114	0.53174809159490799
2009	-1.0392736598738030	2.4564396829824831	-0.66117365626990099	-0.15890896421128706
2010	5.7770030107422130	0.17752225178321784	0.91017350182213286	0.58023323039050334
2011	5.5461667532518080	-1.1132813548270979	0.49103516563318805	-9.5059693320318162E-002
2012	-3.0584457896471431	0.23911023974804874	-0.59974770260338350	-1.0819544760651814
2013	1.7888498737615184	1.7646817319428600	-0.66470107853218829	-0.99759398714049752
2014	0.96317367298823731	2.8226260463399098	-0.25406341193941118	0.53238653039638884
2015	-4.1440427705622058	0.75178408667079177	0.45316415857166192	0.95716257720523890
