xmlns:cpt=http://iri.columbia.edu/CPT/v10/
cpt:nfields=3
cpt:field=undefined_relodds_B, cpt:nrow=58, cpt:ncol=1, cpt:row=T, cpt:col=station, cpt:missing=-999.00000000000000               
	15.0
cpt:Y	33.008157699999998
cpt:X	-100.18065890000000
1958	11.384502685838589
1959	1.0384922281338493
1960	0.37860640758993352
1961	6.4205732115374623
1962	1.9471470821220336
1963	1.5527724462778296
1964	21.488862306717539
1965	1.8706385873684988
1966	11.777475566849569
1967	0.43219022526724615
1968	2.9960691886861177
1969	1.0915368235664273
1970	2162.9872800965900
1971	1.2478531447183261
1972	0.55267617107661982
1973	37.397319542712559
1974	0.96558556063791512
1975	2.9309385160471892
1976	1.3818601376616795
1977	2.4386215934738180
1978	1.2821925563495835
1979	0.55270580541944159
1980	0.55901527340609614
1981	0.87669825588307349
1982	1.0991542751488885
1983	0.64790284063095571
1984	0.21378333376183703
1985	0.82432167381613075
1986	0.22345367208761252
1987	0.92425432100781146
1988	0.51103229792145655
1989	0.81100880371353856
1990	0.68085490458887621
1991	7.6607383403040713E-002
1992	0.77297186064524515
1993	1.4112972440181464
1994	47.173728940629445
1995	5.0954465606653461
1996	0.21540677588137083
1997	2.2735178289389997
1998	55.622203066281514
1999	1.5280359368317353
2000	0.25243009015132939
2001	1.4067071467389674
2002	0.95588530134676741
2003	1.3149257422355716
2004	0.15892073822414773
2005	0.56835685529570379
2006	0.42420415454104254
2007	0.68828454661798166
2008	0.58028376895144762
2009	0.23445680581037034
2010	0.45963760556047778
2011	2.0207440217022579
2012	3.6851914018405130
2013	0.78357981115260578
2014	0.34091528280306405
2015	0.86932041167096119
cpt:field=undefined_relodds_N, cpt:nrow=58, cpt:ncol=1, cpt:row=T, cpt:col=station, cpt:missing=-999.00000000000000               
	15.0
cpt:Y	33.008157699999998
cpt:X	-100.18065890000000
1958	0.26583800226893545
1959	0.98026427009848849
1960	0.75123313768554700
1961	0.42586732242467668
1962	0.87498839370381776
1963	0.90317743386000748
1964	0.15065528643631251
1965	0.85178753090863901
1966	0.25840336149954157
1967	0.82456496346778563
1968	0.71237178488506592
1969	0.98799308119307605
1970	1.6733346605980308E-003
1971	0.97468760936904641
1972	0.87033955899845250
1973	8.9060631526950040E-002
1974	0.95959627927960200
1975	0.71537421590455674
1976	0.93203732817350637
1977	0.79948743011582324
1978	0.95534467293018777
1979	0.88799657261434650
1980	0.89892404449973495
1981	0.95310493285921905
1982	0.95219631010925021
1983	0.91684540086291022
1984	0.56556402656944393
1985	0.94054908087674072
1986	0.58208568270933314
1987	0.98198678977090326
1988	0.85639519003055531
1989	0.97660435212733321
1990	0.94700058055704051
1991	0.26757164219245905
1992	0.86573356475583374
1993	0.94710339342709193
1994	7.1364721100807660E-002
1995	0.51085829009243255
1996	0.58245070651822994
1997	0.79444540776366512
1998	6.0945658765000507E-002
1999	0.90024799859446780
2000	0.63258425003519569
2001	0.94317046744290678
2002	0.98359380578237110
2003	0.96739427024553293
2004	0.47301253500717411
2005	0.88576357322075949
2006	0.81986568023672857
2007	0.94297387445783820
2008	0.89343151401234988
2009	0.58736434240022106
2010	0.78972587808131245
2011	0.84691390710246606
2012	0.63587048565244630
2013	0.96674681045466782
2014	0.71832957365608019
2015	0.90399416525882426
cpt:field=undefined_relodds_A, cpt:nrow=58, cpt:ncol=1, cpt:row=T, cpt:col=station, cpt:missing=-999.00000000000000               
	15.0
cpt:Y	33.008157699999998
cpt:X	-100.18065890000000
1958	6.6333823764872846E-002
1959	0.98197082725677487
1960	2.6272220826891233
1961	0.13210732987207902
1962	0.50736557629544998
1963	0.67322858247277095
1964	3.0654479717810185E-002
1965	0.55762692229788513
1966	6.3442329075148629E-002
1967	2.2587419461651637
1968	0.31931588503348590
1969	0.92514423586927097
1970	1.7566553405735808E-004
1971	0.80950527096530789
1972	1.8481751798231894
1973	1.6399317817668877E-002
1974	1.0777323449703446
1975	0.33140728269690956
1976	0.75296313524653624
1977	0.39522918137457430
1978	0.80146881301567507
1979	1.8168228084893738
1980	1.7840214724830050
1981	1.1872244605134432
1982	0.95333321995146958
1983	1.5777342660210540
1984	4.3088786862964099
1985	1.2694681917308708
1986	4.1362713776846638
1987	1.0989918276247583
1988	1.9735236307916155
1989	1.2435671137987860
1990	1.4763673323606989
1991	10.912402364029976
1992	1.4432264221955642
1993	0.72079110203509389
1994	1.2516094520542677E-002
1995	0.17016546586669720
1996	4.1963031982443866
1997	0.45009173609787900
1998	1.0327346850007104E-002
1999	0.68992139579584044
2000	3.6760078282092015
2001	0.72708606933137887
2002	1.0625468964803921
2003	0.76749103539192376
2004	5.5505614448868865
2005	1.7861969270666915
2006	2.2943028721266145
2007	1.4695330806807225
2008	1.7476296007669421
2009	4.0251763894333052
2010	2.2557196589482875
2011	0.49979836743914385
2012	0.24859010903412915
2013	1.2929309328508423
2014	2.8793892024959233
2015	1.2559278764265496
