xmlns:cpt=http://iri.columbia.edu/CPT/v10/
cpt:nfields=3
cpt:field=undefined_prob_B, cpt:nrow=58, cpt:ncol=1, cpt:row=T, cpt:col=station, cpt:units=%, cpt:missing=-999.00000000000000               
	11.0
cpt:Y	33.008157699999998
cpt:X	-100.18065890000000
1958	38.388553085605949
1959	18.360593824170820
1960	7.0678633998242759
1961	43.286384235953989
1962	36.318518055675440
1963	32.473626309257668
1964	78.039487588802103
1965	14.672433003409822
1966	54.661891778502202
1967	47.723863558150548
1968	85.583378148677212
1969	17.315330604891187
1970	62.206493037433091
1971	16.828089246057203
1972	17.058902058209441
1973	60.159005321234794
1974	17.575294734275985
1975	42.764448978893320
1976	16.306043285430420
1977	87.383043600448289
1978	31.530899995501954
1979	95.720811165865669
1980	24.748463271341308
1981	14.937164892154883
1982	64.256482474431323
1983	13.388569220847984
1984	18.742653636445766
1985	11.431404672175290
1986	11.636563729375453
1987	50.344357331631983
1988	52.978293251204519
1989	50.954578241851628
1990	34.955015606790880
1991	20.135093054717075
1992	64.195574755579372
1993	45.272700408352698
1994	56.402833189589181
1995	38.644688861763676
1996	46.222479900368761
1997	50.436998120690717
1998	72.909377483681610
1999	52.792642173024248
2000	27.191102129185168
2001	62.162425165313905
2002	29.174912641219692
2003	57.594128541921414
2004	14.227353245424851
2005	33.663486163352658
2006	12.753543543868687
2007	39.903676577040549
2008	19.393908239938241
2009	42.938517892086068
2010	37.613111201918393
2011	44.155011293871226
2012	77.226403417093707
2013	57.195924123580767
2014	30.288168736773073
2015	32.923317861646453
cpt:field=undefined_prob_N, cpt:nrow=58, cpt:ncol=1, cpt:row=T, cpt:col=station, cpt:units=%, cpt:missing=-999.00000000000000               
	11.0
cpt:Y	33.008157699999998
cpt:X	-100.18065890000000
1958	31.933735040155359
1959	28.815259360887353
1960	18.254009656380020
1961	31.486822269372762
1962	32.124948599926910
1963	32.548317509040935
1964	16.225651309647439
1965	26.379498572345128
1966	28.286085400811334
1967	30.056130527874515
1968	11.138533755828124
1969	28.267875234312378
1970	24.922410927910619
1971	27.973048309611400
1972	26.375534163701602
1973	25.504728476474774
1974	28.194513495741319
1975	31.122683178396645
1976	27.213200335276888
1977	9.9258655961384790
1978	32.182428870189192
1979	3.5401524079426521
1980	31.104766989850525
1981	26.642304520126729
1982	23.470054516909581
1983	25.112899529070191
1984	29.045565375442699
1985	23.614232207242438
1986	23.500238310436075
1987	29.404835480650167
1988	28.636017699709090
1989	29.564643371970153
1990	32.519969061707656
1991	29.289979098863611
1992	23.584122167716316
1993	30.281262028700823
1994	27.609403066004838
1995	32.077185738834615
1996	30.700804209260966
1997	29.372650257035499
1998	19.301997939031580
1999	28.408723845157777
2000	31.594816625625107
2001	25.134974570979239
2002	31.917368384357019
2003	25.834908288651253
2004	25.810869097505915
2005	32.192109676131373
2006	24.730178175568568
2007	31.766254107802332
2008	28.496897381867278
2009	31.145459882043436
2010	30.895729712094088
2011	31.119510032785715
2012	16.766397602336745
2013	27.140380547404078
2014	30.945029940195795
2015	31.963789726468633
cpt:field=undefined_prob_A, cpt:nrow=58, cpt:ncol=1, cpt:row=T, cpt:col=station, cpt:units=%, cpt:missing=-999.00000000000000               
	11.0
cpt:Y	33.008157699999998
cpt:X	-100.18065890000000
1958	29.677711874238693
1959	52.824146814941827
1960	74.678126943795704
1961	25.226793494673249
1962	31.556533344397653
1963	34.978056181701398
1964	5.7348611015504511
1965	58.948068424245051
1966	17.052022820686464
1967	22.220005913974937
1968	3.2780880954946712
1969	54.416794160796435
1970	12.871096034656290
1971	55.198862444331397
1972	56.565563778088958
1973	14.336266202290430
1974	54.230191769982696
1975	26.112867842710035
1976	56.480756379292693
1977	2.6910908034132301
1978	36.286671134308854
1979	0.73903642619168419
1980	44.146769738808167
1981	58.420530587718389
1982	12.273463008659089
1983	61.498531250081825
1984	52.211780988111535
1985	64.954363120582272
1986	64.863197960188472
1987	20.250807187717850
1988	18.385689049086391
1989	19.480778386178219
1990	32.525015331501464
1991	50.574927846419314
1992	12.220303076704319
1993	24.446037562946479
1994	15.987763744405981
1995	29.278125399401709
1996	23.076715890370274
1997	20.190351622273784
1998	7.7886245772868081
1999	18.798633981817975
2000	41.214081245189725
2001	12.702600263706856
2002	38.907718974423290
2003	16.570963169427333
2004	59.961777657069234
2005	34.144404160515968
2006	62.516278280562744
2007	28.330069315157118
2008	52.109194378194481
2009	25.916022225870496
2010	31.491159085987519
2011	24.725478673343058
2012	6.0071989805695569
2013	15.663695329015153
2014	38.766801323031132
2015	35.112892411884914
