xmlns:cpt=http://iri.columbia.edu/CPT/v10/
cpt:nfields=3
cpt:field=undefined_relodds_B, cpt:nrow=28, cpt:ncol=1, cpt:row=T, cpt:col=station, cpt:missing=-999.00000000000000               
	12.0
cpt:Y	33.008157699999998
cpt:X	-100.18065890000000
1983	0.91048371550992735
1984	0.50234059132711417
1985	1.1175393314843438
1986	0.24000966607338955
1987	4.6972538375621893
1988	22.982546433795811
1989	14.929682266101764
1990	0.88839946393560909
1991	0.53234874286322542
1992	1.4188529257547982
1993	3.0612965838496740
1994	5.0249748767404396
1995	2.2001832488241324
1996	1.0692364188047956
1997	2.8896709231136875
1998	32.628860112115206
1999	27.996579000957787
2000	0.93333091377314281
2001	1.0595761296369040
2002	1.1714078144042237
2003	4.4571078852359349
2004	0.33773009339278348
2005	4.8735343432377443
2006	0.88175644996958791
2007	3.6023320650462813
2008	0.89696358530510512
2009	4.3581676911602028
2010	2.7025930630794956
cpt:field=undefined_relodds_N, cpt:nrow=28, cpt:ncol=1, cpt:row=T, cpt:col=station, cpt:missing=-999.00000000000000               
	12.0
cpt:Y	33.008157699999998
cpt:X	-100.18065890000000
1983	0.30126627854118260
1984	0.24133225176951995
1985	0.30156651360226916
1986	0.15698235304516470
1987	0.23901997984701928
1988	7.6600810135084685E-002
1989	0.10979777679081335
1990	0.28331345022769072
1991	0.23488616519361682
1992	0.31728582214606860
1993	0.25290884428143334
1994	0.22940586164364857
1995	0.31430306430429350
1996	0.31911838298724288
1997	0.27660898291829256
1998	5.6313190456488534E-002
1999	6.3826084427856103E-002
2000	0.30583410048377613
2001	0.30977844453427450
2002	0.29624412011583390
2003	0.24308800683506127
2004	0.18956386900204258
2005	0.22082419532689418
2006	0.30453877894932391
2007	0.26479372823195646
2008	0.28552613087420503
2009	0.24050538465734675
2010	0.28719862941507407
cpt:field=undefined_relodds_A, cpt:nrow=28, cpt:ncol=1, cpt:row=T, cpt:col=station, cpt:missing=-999.00000000000000               
	12.0
cpt:Y	33.008157699999998
cpt:X	-100.18065890000000
1983	2.5071208146549675
1984	4.4846246289902671
1985	2.0858433005819226
1986	9.1157178720802339
1987	0.47487326286946946
1988	9.0231740831049137E-002
1989	0.14154283031580531
1990	2.6333302514043706
1991	4.3427790323923530
1992	1.6236493300623713
1993	0.78899908770902571
1994	0.44438572625111927
1995	1.0319602845347993
1996	2.1154342752914621
1997	0.80711621736170303
1998	6.2641986775178321E-002
1999	7.4146965288488423E-002
2000	2.4363981324890380
2001	2.1629307272458522
2002	2.0130205707331728
2003	0.50427027573488303
2004	6.6563101059573313
2005	0.47383204987891725
2006	2.5648946516011311
2007	0.63184496996950401
2008	2.6024629471604968
2009	0.52274180966897676
2010	0.85603885621878362
