xmlns:cpt=http://iri.columbia.edu/CPT/v10/
cpt:nfields=1
cpt:field=X_scores, cpt:nrow=58, cpt:ncol=4, cpt:row=T, cpt:col=index 
	1	2	3	4
1958	-1.0578196631780996	0.58275698169548684	-0.23045980894188361	-7.7947437455930677E-002
1959	-3.5487563246799203	-1.9000446320333011	0.62563135687127946	0.59374294031182862
1960	0.65285035791953838	-0.62974664855550999	-0.73931802157136262	-0.21434294838981566
1961	2.5191671397315050	0.44161965604373571	-0.96842844127015171	1.1831612153464732E-002
1962	1.4783631577535177	1.0011636784414315	0.50964497904820139	-0.52185733759638231
1963	-0.46950203756258702	0.50284403204463957	0.29704643164097017	-0.36332906170698048
1964	-9.1256204604942669E-003	0.26301298436702114	-0.51496520389487055	0.79354788589676162
1965	-2.9446943485973183	0.77857631253176063	-1.4747979938665210	-0.36258594929565890
1966	1.0579040865121143	0.73026766570910129	0.21099868048364340	0.11091342759648636
1967	2.1374017936661587	0.82973065387511258	-0.39689967726063213	0.15435840099898285
1968	0.35938058064395367	-0.86540602329376437	0.79933034175759388	0.55091977687690608
1969	1.4796294542400878	0.94433832347740254	0.50597584293509312	4.2312758420745875E-002
1970	0.50450760331064670	0.14755636433557942	-1.3889897613201443	-0.14120678829276667
1971	7.4297436955922683E-002	1.5077858272155695	-1.3669169845873697	-0.13668721735672060
1972	-4.9885716520249952	0.47027547009547593	0.14205352004024011	4.4215917948685388E-002
1973	1.1140826451544430	0.98909449245122438	-1.0413627162389310	-0.60348842195125618
1974	1.0222674888814185	1.2653822450275309	-0.94630822914078616	0.33738047915184277
1975	-2.1577542519213595	0.89186528192188774	-0.92728611465467237	-0.44336343632380215
1976	-3.3726557907378201	0.64287006396028856	-0.53206742724699341	0.21975233100792113
1977	-2.6252783823709809	-0.35129155488451169	4.5941488263887498E-002	0.41111029626697854
1978	1.0967301230397805E-002	0.54331951697451364	0.21986868932677323	-0.28187205439901547
1979	-0.11662606188394005	-1.1274444595978341E-002	-0.80903648286723795	-0.17891559752418187
1980	2.1085641374787856	0.85081660396718362	0.82677227944239229	0.45102230334089549
1981	-0.31919439834156010	0.12411073600203756	-0.55976284309554791	-0.28602508548669020
1982	-5.8915956472105622	-0.79053116474324558	-0.81363892991025155	0.62122882701438231
1983	0.99117205834358191	-3.1235958711720193	-1.2431915676493490	0.12520670097153333
1984	1.3520897531732183	0.78759520915194503	-0.80053045760089880	0.31866523937810126
1985	-1.1739775624803301	0.29078757844895092	3.4711736263595260E-003	-0.62772528767611080
1986	-7.1819923039772284	0.19953762782399076	1.2813593882512391	0.45911403958999619
1987	-5.9452421571263381	-4.1435410204904634E-002	0.52838796926694620	-0.14838528595254882
1988	2.6186447398257835	0.77813835144841925	-0.45666924118719165	0.38023867714323162
1989	1.3435835132265370	0.66012986896701820	-0.53752082406878898	1.0449484472299058
1990	-2.2900402256780357	-0.21244478624469609	0.49060188794671372	0.35165553728042925
1991	-1.8125292195098630	0.52339355491964179	0.34786650496136901	0.10459204676086292
1992	-3.3025053845445695	0.22121983366898487	0.24990271769323244	-0.37951600961128878
1993	-2.6904337389596824	-0.19288679529922112	0.18462002912662773	0.33335216819636382
1994	-2.8476040975951720	-1.1588468207327134	1.4160895104638245	-0.23038821042881802
1995	4.0604007102728685	0.54502024510882119	0.67649610963221729	0.22974392204491240
1996	1.3609515248383728	0.67512996997084052	-0.28728356871665994	-0.13949338449445597
1997	-8.9405540286275453	-0.90593781742810076	0.25495059049580743	-0.21252723057669148
1998	4.4804656184225884	-3.0932655168111816	-1.0271570372960028	-0.28461745810499939
1999	5.4634242638426427	1.9765317708310619E-002	1.1162547297894247	-0.18486231112912302
2000	3.2513652337934840	-2.1079414488391097	-0.65122925882561622	0.18136663063580319
2001	2.1804235649628554	-7.2133950621046730E-002	-4.5249399494864673E-002	0.66006254625904504
2002	-1.3687606368558811	-0.48112215885854565	8.4416419377674537E-003	0.30644993695946998
2003	3.3519095312122342	-0.19429956013514080	1.1645345421091213	0.11902166065445116
2004	-3.3167549715616640	0.55053034179623306	-0.73902249515516305	-0.41326360825658515
2005	3.5139238304460627	0.44234691073250543	0.18291639644285596	-0.48977647007899161
2006	0.81385035150458351	-0.10130615154917810	1.7412628978836113	6.4222637728180751E-002
2007	3.9717683485412945	8.6184889629714462E-002	1.1229065754860907	-0.66526188290036192
2008	3.5920384947981914	0.89175473374653369	0.40797181369277813	-3.6247760868743768E-002
2009	0.50126952010529391	-5.9156133894131636E-002	5.2417576394282905E-002	-0.43268788399842323
2010	6.0944130529692160	0.47988358158995748	0.89245259041866132	-2.3075677554451789E-002
2011	4.4924911862472916	-3.1321183608894274	-0.76538593722861059	-0.34173060740772143
2012	2.3574870798883412	-1.0106579865520482	1.2341708042191897	-0.34168050969424080
2013	4.3382850862379563	-1.2143312364934877E-002	0.75514474060716363	0.16404964778629111
2014	0.38870408867684136	0.51741722421636649	0.13075180132893088	0.32739907819148356
2015	-6.6660762289249957	-0.72863557936180801	0.83724282150323670	-0.94956495928444418
