xmlns:cpt=http://iri.columbia.edu/CPT/v10/
cpt:nfields=3
cpt:field=undefined_relodds_B, cpt:nrow=28, cpt:ncol=1, cpt:row=T, cpt:col=station, cpt:missing=-999.00000000000000               
	14.0
cpt:Y	33.008157699999998
cpt:X	-100.18065890000000
1983	1.4181992039304245
1984	0.46368418453967858
1985	1.1298209108014288
1986	0.38384800159834448
1987	2.6114374908004061
1988	8.4115808162031040
1989	0.94691873690683226
1990	0.59188474888532217
1991	0.17071947337834620
1992	0.86014217473706966
1993	14.714689839029502
1994	29.403864709525685
1995	7.1216049151503107
1996	3.0320691041754460
1997	2.5575888135444385
1998	28.198596616048203
1999	30.842378973031991
2000	0.32349909904707236
2001	3.1706250228494803
2002	0.76235649562170149
2003	7.0618525685667350
2004	0.15022179856187487
2005	1.4112633620214545
2006	0.54529823841319902
2007	1.2325047005546883
2008	0.64891054224605682
2009	1.3851689665436946
2010	1.2349641553050517
cpt:field=undefined_relodds_N, cpt:nrow=28, cpt:ncol=1, cpt:row=T, cpt:col=station, cpt:missing=-999.00000000000000               
	14.0
cpt:Y	33.008157699999998
cpt:X	-100.18065890000000
1983	0.55972391061832050
1984	0.41923744629261689
1985	0.54995186706089871
1986	0.38254031254179233
1987	0.46449013029607317
1988	0.24774995749862569
1989	0.52958083778524290
1990	0.46195808440996544
1991	0.23357098690836714
1992	0.52123064280586584
1993	0.15807521147089640
1994	8.3440336624397302E-002
1995	0.27855886051348377
1996	0.44880279029083020
1997	0.45930851140523682
1998	8.7462469036104024E-002
1999	7.5202622887673112E-002
2000	0.34957624848186852
2001	0.45436252903676727
2002	0.48234511385395229
2003	0.28036591590545895
2004	0.21190178445648883
2005	0.55554973642163152
2006	0.46290053270480486
2007	0.54937371266799240
2008	0.47872297398467933
2009	0.50997867713364875
2010	0.52299935660839325
cpt:field=undefined_relodds_A, cpt:nrow=28, cpt:ncol=1, cpt:row=T, cpt:col=station, cpt:missing=-999.00000000000000               
	14.0
cpt:Y	33.008157699999998
cpt:X	-100.18065890000000
1983	1.1567533472427030
1984	3.5324903102604348
1985	1.4682645979339537
1986	4.2192887061812305
1987	0.64981780814332335
1988	0.17834662423600522
1989	1.7687481116560453
1990	2.8077011354111381
1991	8.9158752875088627
1992	1.9411145541233936
1993	9.7330801962071348E-002
1994	4.8418728327523683E-002
1995	0.21485769486629741
1996	0.54510061764081330
1997	0.67403007305674678
1998	4.9871951957013660E-002
1999	5.0563279787723500E-002
2000	4.9441561748826697
2001	0.50524842349932797
2002	2.2526884140157382
2003	0.21669930940797380
2004	10.072620398525654
2005	1.1690875911445975
2006	2.9728135692457114
2007	1.3513281039838509
2008	2.5651102284958105
2009	1.2660098569124869
2010	1.3953100142333155
